0               159     
1               151     
2               154     
3               145     
4               150     
5               159     
6               168     
7               186     
8               163     
9               163     
10              170     
11              165     
12              166     
13              171     
14              158     
15              156     
16              164     
17              167     
18              153     
19              136     
20              143     
21              161     
22              176     
23              167     
24              170     
25              172     
26              176     
27              171     
28              171     
29              170     
30              166     
31              156     
32              164     
33              176     
34              171     
35              153     
36              154     
37              159     
38              167     
39              168     
40              170     
41              173     
42              182     
43              157     
44              159     
45              167     
46              181     
47              156     
48              158     
49              165     
50              170     
