0               62085   
1               62119   
2               62175   
3               62234   
4               62071   
5               62161   
6               61851   
7               61854   
8               61982   
9               62102   
10              62111   
11              62127   
12              62219   
13              62124   
14              62191   
15              62213   
16              62266   
17              62065   
18              62065   
19              62185   
20              61930   
21              61969   
22              62107   
23              62032   
24              62129   
25              62011   
26              62073   
27              62231   
28              62075   
29              62075   
30              62213   
31              62199   
32              62020   
33              62011   
34              62137   
35              62063   
36              61965   
37              61989   
38              62055   
39              62182   
40              62234   
41              62109   
42              62014   
43              62039   
44              62242   
45              61901   
46              61954   
47              61921   
48              61934   
49              62019   
50              62162   
