0               51387   
1               51331   
2               51231   
3               51254   
4               51229   
5               51293   
6               51217   
7               51218   
8               51298   
9               51278   
10              51238   
11              51246   
12              51352   
13              51434   
14              51475   
15              51305   
16              51285   
17              51334   
18              51167   
19              51167   
20              51236   
21              51035   
22              51040   
23              51157   
24              51267   
25              51320   
26              51367   
27              51145   
28              51152   
29              51300   
30              51462   
31              51432   
32              51473   
33              51549   
34              51582   
35              51551   
36              51471   
37              51497   
38              51554   
39              51780   
40              51547   
41              51591   
42              51551   
43              51641   
44              51677   
45              51614   
46              51615   
47              51618   
48              51562   
49              51587   
