0               71555   
1               71821   
2               71762   
3               71762   
4               71877   
5               71820   
6               71760   
7               71763   
8               71743   
9               71789   
10              71797   
11              71839   
12              71690   
13              71747   
14              71489   
15              71543   
16              71756   
17              71857   
18              71751   
19              71745   
20              71738   
21              71751   
22              71782   
23              71855   
24              71758   
25              71780   
26              71584   
27              71643   
28              71622   
29              71455   
30              71561   
31              71862   
32              71824   
33              71820   
34              71773   
35              71836   
36              71667   
37              71675   
38              71495   
39              71508   
40              71579   
41              71743   
42              71924   
43              71981   
44              72130   
45              71735   
46              71770   
47              71969   
48              72195   
49              72227   
50              72141   
