0               0       
1               0       
2               0       
3               0       
4               0       
5               1       
6               0       
7               0       
8               0       
9               0       
10              0       
11              0       
12              0       
13              0       
14              0       
15              0       
16              0       
17              0       
18              0       
19              0       
20              0       
21              0       
22              0       
23              0       
24              0       
25              0       
26              0       
27              0       
28              0       
29              5402    
30              1285    
31              2342    
32              3386    
33              4186    
34              4917    
35              5334    
36              5289    
37              4737    
38              4176    
39              3582    
40              1578    
