0               1       
1               2       
2               2       
3               3       
4               6       
5               4       
6               5       
7               5       
8               5       
9               8       
10              10      
11              13      
12              12      
13              13      
14              15      
15              16      
16              19      
17              23      
18              29      
19              37      
20              57      
21              98      
22              366     
23              1673    
24              7376    
25              18665   
26              28396   
27              45210   
28              56523   
29              46621   
30              45719   
31              44051   
32              41036   
33              37278   
34              32664   
35              27444   
36              21997   
37              16866   
38              12523   
39              8514    
40              5358    
