0             22.7          14
5             23.0          14
10            23.0          14
15            22.9          14
20            23.5          15
25            23.6          16
30            23.6          17
35            23.9          19
40            24.2          21
45            24.3          21
50            24.9          23
55            25.2          25
60            25.6          27
65            26.1          29
70            26.7          31
75            27.3          32
80            27.6          34
85            27.8          36
90            28.5          37
95            28.8          39
100           29.5          41
105           30.1          41
110           30.6          42
115           31.0          44
120           31.6          45
125           32.2          45
130           32.8          46
135           33.6          47
140           34.1          48
145           34.7          49
150           35.3          49
155           36.0          50
160           36.6          51
165           37.1          51
170           37.9          52
175           38.2          52
180           39.0          53
185           39.8          54
190           40.5          54
195           41.3          55
202           41.4          55
207           42.6          56
212           43.3          57
217           44.0          57
222           45.0          58
227           45.6          58
232           46.0          59
237           46.7          60
242           47.5          60
247           48.3          60
252           49.0          61
257           49.7          62
262           50.4          62
267           51.1          62
272           52.0          63
277           52.5          64
282           53.3          64
287           54.3          65
292           54.9          66
297           55.4          66
302           56.3          67
307           57.3          68
312           57.9          70
317           58.7          71
322           59.4          73
327           60.2          75
332           60.8          78
337           61.8          81
342           62.2          85
350           63.2          88
355           64.4          94
360           64.9          100
365           66.1          104
370           66.9          109
375           67.7          113
380           68.3          118
385           68.9          123
390           69.8          130
395           70.6          135
400           71.4          140
405           72.3          145
410           73.1          151
415           73.9          156
420           74.5          161
425           75.4          167
430           76.0          172
435           77.1          178
440           77.8          184
445           78.5          189
450           79.3          195
455           79.9          201
460           81.1          208
465           81.6          214
470           82.3          218
475           83.1          224
480           83.7          228
485           84.4          233
490           85.6          239
495           86.0          243
500           86.7          248
505           87.6          253
510           88.4          258
515           89.0          263
520           89.6          268
525           90.4          274
530           91.4          279
535           91.9          284
540           92.9          289
545           93.6          294
550           94.1          299
555           94.7          304
560           95.8          310
565           96.4          314
570           97.2          319
575           97.8          323
580           98.6          327
585           99.3          331
590           100.0         335
595           100.7         340
600           101.5         343
605           102.4         346
610           103.1         349
615           103.6         351
620           104.3         353
625           105.0         355
630           105.9         356
635           106.7         357
640           107.1         357
647           107.6         357
652           109.1         354
657           110.0         352
662           110.6         350
667           111.1         348
672           112.1         344
677           112.6         340
682           113.5         337
687           114.2         333
692           114.7         328
697           115.4         323
702           116.2         317
707           117.1         310
712           117.8         307
717           118.4         307
722           119.1         310
727           119.7         316
732           120.5         325
737           121.2         338
742           121.9         348
747           122.7         360
752           123.3         371
757           123.8         382
762           124.8         391
767           125.2         400
772           126.3         411
777           126.8         419
782           127.4         426
787           128.1         432
795           128.9         438
800           129.9         445
805           130.8         448
810           131.3         451
815           131.8         452
820           132.5         453
825           133.2         453
830           133.8         451
835           134.5         449
840           135.2         447
845           136.1         443
850           136.4         439
855           137.2         432
860           138.2         427
865           138.6         420
870           139.3         413
875           140.1         406
880           140.7         397
885           141.1         388
890           142.1         376
895           142.6         366
900           143.3         356
905           144.1         346
910           144.3         335
915           145.2         325
920           145.6         315
925           146.5         302
930           147.2         291
935           147.8         280
940           148.6         269
945           149.2         257
950           149.7         245
955           150.3         229
960           151.1         217
965           151.8         203
970           152.4         190
975           152.9         176
980           153.7         162
985           154.0         150
990           154.9         136
995           155.5         127
1000          155.9         118
1005          156.9         112
1010          157.3         106
1015          157.8         101
1020          158.3         97
1025          159.2         92
1030          159.6         90
1035          160.3         88
1040          161.2         86
1045          161.7         85
1050          162.3         84
1055          162.7         83
1060          163.6         83
1065          163.9         83
1070          164.7         82
1075          165.3         82
1080          165.8         82
1085          166.3         82
1092          166.8         82
1097          167.8         82
1102          168.2         81
1107          168.8         81
1112          169.4         81
1117          170.0         81
1122          170.6         81
1127          171.2         81
1132          171.8         81
1137          172.1         80
1142          172.9         79
1147          173.3         77
1152          174.0         77
1157          174.7         76
1162          175.1         76
1167          175.4         75
1172          176.1         75
1177          176.8         74
1182          177.2         73
1187          177.8         72
1192          178.2         71
1197          178.6         70
1202          179.3         70
1207          179.8         70
1212          180.4         69
1217          180.9         70
1222          181.3         70
1227          181.8         70
1232          182.0         70
1237          182.6         71
1242          183.3         71
1247          183.6         71
1252          184.2         71
1257          184.7         71
1262          185.3         71
1267          185.8         71
1272          186.2         71
1277          186.6         71
1282          187.2         71
1287          187.6         71
1292          188.2         71
1297          188.3         71
1302          189.0         71
1307          189.3         71
1312          190.1         72
1317          190.5         71
1322          191.1         71
1327          191.4         71
1332          191.7         71
1337          192.1         72
1342          192.8         72
1347          193.3         73
1352          193.7         73
1357          194.1         74
1362          194.4         74
1367          194.8         74
1372          195.2         75
1377          195.6         75
1382          196.1         75
1389          196.5         75
1394          197.3         76
1399          197.7         76
1404          198.0         76
1409          198.4         76
1414          199.0         76
1419          199.3         76
1424          199.8         76
1429          200.2         76
1434          200.7         76
1439          201.0         76
1444          201.3         76
1449          201.8         77
1454          202.3         77
1459          202.6         78
1464          203.0         78
1469          203.3         78
1474          203.8         78
1479          204.2         78
1484          204.7         78
1489          205.2         78
1494          205.4         78
1499          205.9         79
1504          206.1         80
1509          206.8         80
1514          207.1         80
1519          207.5         81
1524          207.9         81
1529          208.3         81
1534          208.7         81
1539          209.3         82
1544          209.7         82
1549          210.1         82
1554          210.6         81
1559          211.1         81
1564          211.4         81
1569          211.7         81
1574          212.2         81
1579          212.7         81
1584          213.1         81
1589          213.5         80
1594          213.8         81
1599          214.3         80
1604          214.5         81
1609          215.0         81
1614          215.3         81
1619          215.8         81
1624          216.3         81
1629          216.7         81
1634          217.2         82
1639          217.3         82
1644          217.9         83
1649          218.3         83
1654          218.7         84
1659          219.1         84
1664          219.4         84
1669          219.8         85
1674          220.2         85
1679          220.6         86
1685          221.1         87
1690          221.6         88
1695          222.1         89
1700          222.3         90
1705          222.7         90
1710          223.2         91
1715          223.5         92
1720          223.8         93
1725          224.3         94
1730          224.6         95
1735          225.1         96
1740          225.3         97
1745          225.7         98
1750          226.1         99
1755          226.4         100
1760          226.7         102
1765          227.2         103
1770          227.5         104
1775          227.9         105
1780          228.3         106
1785          228.5         107
1790          228.9         109
1795          229.3         110
1800          229.7         111
1805          230.0         113
1810          230.5         114
1815          230.7         115
1820          231.0         116
1825          231.3         118
1830          231.8         120
1835          232.2         121
1840          232.6         123
1845          232.8         125
1850          233.3         127
1855          233.6         128
1860          234.0         130
1865          234.3         132
1870          234.6         134
1875          234.9         135
1880          235.4         137
1885          235.5         139
1890          235.9         142
1895          236.2         144
1900          236.6         146
1905          236.8         148
1910          237.3         149
1915          237.6         150
1920          238.0         151
1925          238.3         152
1930          238.4         153
1935          239.1         153
1940          239.3         154
1945          239.7         155
1950          239.7         156
1955          240.2         157
1960          240.6         158
1965          240.8         159
1970          241.2         160
1975          241.8         161
1983          241.8         161
1988          242.5         162
1993          242.6         163
1998          242.7         164
2003          243.1         166
2008          243.3         167
2013          243.7         167
2018          244.0         166
2023          244.3         166
2028          244.7         165
2033          244.9         164
2038          245.2         163
2043          245.6         162
2048          245.8         162
2053          246.1         161
2058          246.1         161
2063          246.7         160
2068          246.8         159
2073          247.1         158
2078          247.3         158
2083          247.5         157
2088          248.0         157
2093          248.1         157
2098          248.3         156
2103          248.7         154
2108          248.7         153
2113          249.3         151
2118          249.5         149
2123          249.9         148
2128          250.0         147
2133          250.3         145
2138          250.4         143
2143          251.0         141
2148          250.9         140
2153          251.1         138
2158          251.7         136
2163          251.9         135
2168          252.3         133
2173          252.6         130
2178          252.7         129
2183          253.2         127
2188          253.3         125
2193          253.6         123
2198          253.9         121
2203          253.9         119
2208          254.3         118
2213          254.6         117
2218          254.9         116
2223          254.8         115
2228          255.3         113
2233          255.4         111
2238          255.8         109
2243          256.1         107
2248          256.3         105
2253          256.6         103
2258          256.7         102
2263          256.9         100
2268          257.3         98
2273          257.4         96
2280          257.6         95
2285          258.2         92
2290          258.6         90
2295          258.7         89
2300          259.0         88
2305          259.2         87
2310          259.6         86
2315          259.6         86
2320          259.9         86
2325          260.2         87
2330          260.3         87
2335          260.8         88
2340          260.9         89
2345          261.3         89
2350          261.1         90
2355          261.6         90
2360          261.7         91
2365          262.3         91
2370          262.5         92
2375          262.7         91
2380          262.7         90
2385          263.1         89
2390          263.4         89
2395          263.6         89
2400          264.1         88
2405          264.2         88
2410          264.6         88
2415          264.6         88
2420          264.8         87
2425          265.1         87
2430          265.5         88
2435          265.6         88
2440          265.8         87
2445          266.1         87
2450          266.3         87
2455          266.6         87
2460          266.7         87
2465          267.2         86
2470          267.4         85
2475          267.7         85
2480          267.8         85
2485          268.0         85
2490          268.4         85
2495          268.5         85
2500          268.8         84
2505          269.2         83
2510          269.3         83
2515          269.6         82
2520          270.0         81
2525          270.1         80
2530          270.5         79
2535          270.8         78
2540          270.8         77
2545          271.0         77
2550          271.2         78
2555          271.6         78
2561          271.7         78
2566          272.0         79
2571          272.2         78
2577          272.4         78
2582          272.7         78
2587          273.0         78
2592          273.2         77
2597          273.3         77
2602          273.6         77
2607          274.0         78
2612          274.3         77
2617          274.3         77
2622          274.6         78
2627          274.7         78
2632          274.9         78
2637          275.2         78
2642          275.5         78
2647          275.7         78
2652          275.7         77
2657          276.3         78
2662          276.3         78
2667          276.6         78
2672          276.8         78
2677          277.0         79
2682          277.0         79
2687          277.2         80
2692          277.6         80
2697          277.8         80
2702          278.1         80
2707          278.3         80
2712          278.6         81
2717          278.8         80
2722          278.7         80
2727          279.2         79
2732          279.0         78
2737          279.3         78
2742          279.6         78
2747          279.7         78
2752          279.7         79
2757          280.1         78
2762          280.2         77
2767          280.5         75
2772          280.4         75
2777          280.8         73
2782          281.1         73
2787          281.1         72
2792          281.6         71
2797          281.3         70
2802          281.6         69
2807          281.8         69
2812          282.1         68
2817          282.3         67
2823          282.6         67
2828          282.7         66
2833          282.7         66
2838          283.0         64
2843          283.5         65
2848          283.5         65
2853          283.6         65
2858          283.6         66
2863          284.0         66
2868          284.0         66
2876          284.0         65
2881          284.3         65
2886          284.7         66
2891          284.7         67
2896          285.1         67
2901          285.2         67
2906          285.1         68
2911          285.6         68
2916          285.6         68
2921          285.8         69
2926          285.9         70
2931          286.3         70
