0             13.3          22
5             13.6          30
10            13.3          36
15            13.7          41
20            14.3          46
25            14.7          50
30            15.1          53
35            15.6          58
40            15.8          58
45            16.7          61
50            17.3          60
55            18.0          64
60            18.7          67
65            19.5          70
70            19.9          66
75            20.9          68
80            21.6          68
85            22.6          68
90            23.2          68
95            24.2          68
100           24.9          69
105           25.8          68
110           26.8          69
115           27.8          69
120           28.5          69
125           29.5          69
130           30.5          70
135           31.3          68
140           32.2          70
145           33.0          73
150           34.2          76
155           34.9          77
160           35.8          72
165           37.1          70
170           37.5          68
175           38.8          71
180           39.7          71
185           40.7          70
190           42.0          67
195           42.8          69
200           43.8          69
205           44.9          68
210           45.9          69
215           46.8          69
220           47.7          69
225           48.9          68
230           49.7          68
235           50.5          67
240           51.6          68
245           52.6          67
250           53.7          66
255           54.7          66
260           55.9          65
265           56.9          64
270           57.8          64
275           58.8          67
280           60.0          67
285           60.7          65
290           61.7          63
295           62.9          61
300           63.8          64
305           64.8          61
310           66.0          62
315           67.1          61
320           67.9          60
325           68.9          60
330           69.9          59
335           70.7          58
340           71.9          61
345           72.8          61
350           73.8          60
355           74.9          63
360           75.8          64
365           76.4          66
370           77.4          70
375           78.7          74
380           79.5          76
385           80.5          78
390           81.4          79
395           82.3          76
400           83.2          70
405           84.3          55
410           85.2          39
415           86.2          26
420           87.2          14
425           88.0          4
430           88.7          -4
435           89.8          -12
440           90.8          -22
445           91.8          -30
450           92.8          -34
455           93.9          -40
460           94.8          -46
465           95.4          -52
470           96.6          -59
475           97.4          -63
480           98.2          -69
485           99.0          -75
490           100.3         -83
495           100.8         -92
500           101.8         -103
505           102.8         -111
510           103.8         -119
515           104.7         -126
520           105.8         -131
525           106.6         -135
530           107.5         -138
535           108.3         -137
540           109.0         -133
545           110.1         -128
550           111.2         -119
555           111.8         -107
560           112.6         -93
565           113.6         -72
570           114.7         -58
575           115.3         -47
580           116.4         -38
585           117.4         -35
590           118.2         -34
595           119.0         -36
600           119.9         -40
605           120.6         -45
610           121.6         -51
615           122.3         -58
620           123.2         -65
625           123.9         -74
630           125.3         -86
635           126.0         -95
640           126.8         -105
645           127.7         -115
650           128.6         -125
655           129.2         -134
660           130.1         -143
665           131.1         -149
670           131.8         -155
675           132.6         -159
680           133.5         -162
685           134.2         -164
690           134.8         -164
695           135.9         -163
700           136.8         -160
705           137.5         -156
710           138.4         -150
715           139.2         -143
720           140.1         -135
725           140.8         -124
730           141.8         -114
735           142.3         -104
740           143.1         -93
745           144.1         -81
750           144.6         -70
755           145.5         -58
760           146.4         -44
765           147.0         -33
770           148.2         -23
775           149.0         -12
780           149.7         -2
785           150.4         6
790           151.3         15
795           152.0         20
800           152.5         26
805           153.4         30
810           154.3         33
815           155.1         36
820           155.6         38
825           156.7         40
830           157.5         41
835           158.3         42
840           159.0         43
845           159.6         42
850           160.5         42
855           161.3         44
860           162.2         44
865           162.5         43
870           163.6         44
875           164.3         44
880           165.0         44
885           165.7         44
890           166.4         43
895           167.1         43
900           167.8         43
905           168.6         43
910           169.3         42
915           170.3         42
920           170.6         42
925           171.6         42
930           172.1         41
935           172.9         40
940           173.3         41
945           174.3         40
950           174.8         40
955           175.6         40
960           176.4         39
965           176.9         39
970           177.7         39
975           178.4         38
980           178.8         38
985           179.7         37
990           180.4         37
995           181.1         37
1000          181.4         37
1005          182.4         37
1010          182.8         36
1015          183.4         35
1020          184.4         35
1025          185.0         35
1030          185.5         34
1035          186.0         34
1040          186.9         34
1045          187.6         33
1050          188.2         32
1055          188.8         32
1060          189.6         33
1065          190.0         32
1070          190.6         32
1075          191.3         32
1080          191.7         32
1085          192.4         31
1090          193.1         31
1095          193.6         31
1100          194.2         31
1105          194.9         31
1110          195.5         31
1115          195.9         30
1120          196.8         31
1125          197.3         30
1130          197.8         30
1135          198.6         29
1140          199.2         30
1145          199.4         29
1150          200.2         29
1155          200.8         29
1160          201.3         29
1165          202.2         29
1170          202.8         29
1175          203.1         28
1180          203.7         28
1185          204.1         28
1190          204.7         27
1195          205.5         27
1200          206.0         27
1205          206.6         27
1210          206.8         26
1215          207.6         25
1220          208.2         26
1225          208.5         26
1230          209.3         25
1235          209.8         25
1240          210.3         25
1245          210.8         25
1250          211.3         25
1255          211.8         25
1260          212.5         25
1265          212.9         25
1270          213.3         24
1275          213.9         24
1280          214.5         24
1285          214.9         24
1290          215.4         24
1295          216.0         23
1300          216.2         23
1305          217.1         23
1310          217.5         23
1315          218.3         23
1320          218.6         23
1325          219.0         22
1330          219.6         22
1335          220.1         22
1340          220.4         22
1345          221.1         22
1350          221.3         22
1355          222.0         22
1360          222.3         22
1365          223.1         22
1370          223.6         22
1375          224.0         22
1380          224.5         22
1385          225.1         22
1390          225.4         22
1395          225.8         23
1400          226.5         22
1405          226.7         22
1410          227.2         23
1415          227.7         22
1420          228.3         22
1425          228.7         22
1430          229.0         22
1435          229.6         22
1440          229.8         22
1445          230.5         23
1450          230.9         23
1455          231.4         23
1460          231.8         23
1465          232.2         24
1470          232.8         24
1475          232.9         25
1480          233.7         25
1485          234.1         25
1490          234.4         27
1495          234.8         27
1500          235.3         27
1505          235.6         28
1510          236.1         29
1515          236.6         30
1520          237.0         31
1525          237.2         31
1530          237.7         32
1535          237.8         34
1540          238.6         34
1545          239.1         35
1550          239.1         35
1555          239.8         36
1560          240.1         37
1565          240.6         38
1570          240.7         38
1575          241.3         40
1580          241.5         40
1585          242.0         41
1590          242.3         42
1595          242.8         43
1600          243.1         44
1605          243.6         44
1610          243.9         45
1615          244.3         45
1620          244.6         46
1625          245.0         46
1630          245.6         46
1635          245.8         46
1640          246.2         47
1645          246.6         46
1650          246.9         46
1655          247.3         47
1660          247.8         46
1665          248.1         46
1670          248.6         45
1675          249.1         44
1680          249.3         43
1685          249.6         42
1690          250.1         41
1695          250.4         40
1700          250.8         39
1705          251.1         37
1710          251.6         35
1715          252.0         34
1720          252.2         32
1725          252.7         30
1730          253.0         28
1735          253.5         26
1740          253.9         23
1745          254.4         21
1750          254.6         19
1755          255.1         17
1760          255.5         15
1765          255.7         13
1770          256.2         11
1775          256.8         8
1780          257.1         6
1785          257.5         4
1790          257.8         2
1795          258.2         0
1800          258.5         -1
1805          258.9         -3
1810          259.4         -6
1815          259.6         -7
1820          260.1         -8
1825          260.6         -9
1830          260.8         -10
1835          261.2         -11
1840          261.6         -12
1845          262.0         -13
1850          262.3         -14
1855          262.6         -15
1860          263.1         -15
1865          263.4         -15
1870          263.7         -16
1875          264.1         -16
1880          264.5         -16
1885          264.8         -16
1890          265.1         -16
1895          265.6         -17
1900          265.9         -16
1905          266.3         -16
1910          266.6         -16
1915          267.1         -16
1920          267.3         -16
1925          267.7         -15
1930          268.0         -15
1935          268.3         -15
1940          268.7         -15
1946          269.0         -14
1951          269.2         -14
1956          269.9         -14
1961          270.1         -13
1966          270.5         -13
1971          270.8         -12
1976          271.1         -12
1981          271.6         -12
1986          271.7         -12
1991          272.1         -12
1996          272.6         -11
2001          272.8         -10
2006          273.1         -9
2011          273.2         -8
2016          273.6         -7
2021          274.2         -7
2026          274.4         -7
2031          274.7         -6
2036          275.1         -5
2041          275.6         -4
2046          275.7         -4
2051          276.2         -3
2056          276.2         -2
2061          276.7         -1
2066          276.9         -1
2071          277.3         0
2076          277.7         -1
2081          278.0         0
2086          278.1         0
2091          278.6         1
2096          278.8         2
2101          279.2         2
2106          279.6         2
2111          280.0         3
2116          280.4         3
2121          280.7         3
2126          280.7         4
2131          281.3         4
2136          281.3         4
2141          281.7         4
2146          282.1         4
2151          282.4         4
2156          282.5         3
2161          282.8         3
2166          283.3         4
2171          283.5         4
2176          284.0         4
2181          284.4         4
2186          284.5         4
2191          284.6         4
2196          285.0         3
2201          285.4         4
2206          285.6         4
2211          285.9         4
2216          286.1         4
2221          286.2         4
2226          286.7         4
2231          287.3         3
2236          287.3         3
2241          287.5         2
2246          288.1         2
2251          288.1         3
2256          288.4         2
2261          288.8         3
2266          289.1         2
2271          289.2         2
2276          289.5         2
2281          289.8         2
2286          290.1         2
2291          290.2         2
2296          290.5         1
2301          290.8         1
2306          291.0         1
2311          291.4         1
2316          291.6         1
2321          291.9         0
2326          292.3         0
2331          292.3         0
2336          292.6         0
2341          292.8         0
2346          293.3         0
2351          293.6         0
2356          293.6         0
2361          294.0         -1
2366          294.2         0
2371          294.3         -1
2376          294.6         -1
2381          295.1         0
2386          295.0         -1
2391          295.2         0
2396          295.8         0
2401          295.8         0
2406          296.1         0
2411          296.6         0
2416          296.8         0
2421          296.9         0
2426          297.1         0
2431          297.3         0
2436          297.6         0
2441          297.8         0
2446          298.1         0
2451          298.3         0
2456          298.6         0
2461          298.8         0
2466          299.1         0
2471          299.2         0
2476          299.5         0
2481          299.7         -1
2486          300.1         0
2491          300.2         0
2496          300.6         -1
2501          300.8         -1
2506          300.8         -1
2511          301.1         -1
2516          301.3         -1
2521          301.6         -1
2526          301.8         -1
2531          302.2         -1
2536          302.4         -1
2541          302.7         -2
2546          302.6         -2
2551          303.1         -1
2556          303.1         -2
2561          303.6         -2
2566          303.8         -1
2571          303.9         -2
2576          304.2         -2
2581          304.5         -2
2586          304.5         -2
2591          304.8         -2
2596          305.0         -2
2601          305.3         -3
2606          305.5         -2
2611          305.7         -2
2616          305.8         -2
2621          306.0         -2
2626          306.3         -2
2631          306.7         -3
2636          306.8         -2
2641          307.1         -2
2646          307.4         -3
2651          307.6         -2
2656          307.8         -2
2661          308.1         -2
2666          308.2         -2
2671          308.6         -2
2676          308.7         -2
