NO.	 Vo(V) 	  I(uA)
1	  -50.0	 -320.0
2	  -49.8	 -320.1
3	  -49.6	 -320.6
4	  -49.4	 -319.8
5	  -49.2	 -319.8
6	  -49.0	 -319.6
7	  -48.8	 -319.1
8	  -48.6	 -318.8
9	  -48.4	 -318.1
10	  -48.2	 -318.1
11	  -48.0	 -317.4
12	  -47.8	 -317.3
13	  -47.6	 -316.9
14	  -47.4	 -316.5
15	  -47.2	 -316.6
16	  -47.0	 -315.9
17	  -46.8	 -315.9
18	  -46.6	 -314.9
19	  -46.4	 -314.8
20	  -46.2	 -314.0
21	  -46.0	 -313.6
22	  -45.8	 -313.5
23	  -45.6	 -312.9
24	  -45.4	 -312.9
25	  -45.2	 -312.8
26	  -45.0	 -312.2
27	  -44.8	 -312.2
28	  -44.6	 -311.2
29	  -44.4	 -310.9
30	  -44.2	 -310.8
31	  -44.0	 -310.7
32	  -43.8	 -310.3
33	  -43.6	 -309.9
34	  -43.4	 -309.2
35	  -43.2	 -309.0
36	  -43.0	 -308.0
37	  -42.8	 -307.8
38	  -42.6	 -307.3
39	  -42.4	 -307.0
40	  -42.2	 -306.7
41	  -42.0	 -306.6
42	  -41.8	 -306.3
43	  -41.6	 -305.6
44	  -41.4	 -305.4
45	  -41.2	 -304.1
46	  -41.0	 -304.3
47	  -40.8	 -303.6
48	  -40.6	 -303.4
49	  -40.4	 -303.7
50	  -40.2	 -302.9
51	  -40.0	 -303.0
52	  -39.8	 -302.5
53	  -39.6	 -302.2
54	  -39.4	 -302.0
55	  -39.2	 -301.4
56	  -39.0	 -300.7
57	  -38.8	 -300.4
58	  -38.6	 -300.3
59	  -38.4	 -300.0
60	  -38.2	 -299.4
61	  -38.0	 -299.6
62	  -37.8	 -298.9
63	  -37.6	 -298.3
64	  -37.4	 -297.6
65	  -37.2	 -297.3
66	  -37.0	 -297.0
67	  -36.8	 -296.2
68	  -36.6	 -295.8
69	  -36.4	 -295.6
70	  -36.2	 -294.9
71	  -36.0	 -294.7
72	  -35.8	 -293.7
73	  -35.6	 -293.6
74	  -35.4	 -292.6
75	  -35.2	 -292.6
76	  -35.0	 -292.7
77	  -34.8	 -292.5
78	  -34.6	 -292.6
79	  -34.4	 -291.8
80	  -34.2	 -291.5
81	  -34.0	 -291.2
82	  -33.8	 -290.7
83	  -33.6	 -290.7
84	  -33.4	 -290.2
85	  -33.2	 -290.2
86	  -33.0	 -289.7
87	  -32.8	 -289.1
88	  -32.6	 -288.1
89	  -32.4	 -287.3
90	  -32.2	 -286.9
91	  -32.0	 -287.0
92	  -31.8	 -286.5
93	  -31.6	 -286.5
94	  -31.4	 -286.3
95	  -31.2	 -285.9
96	  -31.0	 -285.2
97	  -30.8	 -284.0
98	  -30.6	 -284.2
99	  -30.4	 -283.6
100	  -30.2	 -283.3
101	  -30.0	 -282.4
102	  -29.8	 -281.4
103	  -29.6	 -280.5
104	  -29.4	 -279.8
105	  -29.2	 -280.0
106	  -29.0	 -278.9
107	  -28.8	 -278.3
108	  -28.6	 -277.8
109	  -28.4	 -276.6
110	  -28.2	 -276.0
111	  -28.0	 -275.5
112	  -27.8	 -274.7
113	  -27.6	 -274.4
114	  -27.4	 -273.4
115	  -27.2	 -272.9
116	  -27.0	 -272.0
117	  -26.8	 -271.4
118	  -26.6	 -271.3
119	  -26.4	 -271.0
120	  -26.2	 -270.2
121	  -26.0	 -269.6
122	  -25.8	 -268.6
123	  -25.6	 -267.6
124	  -25.4	 -266.3
125	  -25.2	 -266.1
126	  -25.0	 -265.4
127	  -24.8	 -265.2
128	  -24.6	 -265.0
129	  -24.4	 -264.2
130	  -24.2	 -263.9
131	  -24.0	 -262.9
132	  -23.8	 -262.0
133	  -23.6	 -260.9
134	  -23.4	 -259.8
135	  -23.2	 -259.0
136	  -23.0	 -258.6
137	  -22.8	 -257.4
138	  -22.6	 -256.6
139	  -22.4	 -255.6
140	  -22.2	 -255.0
141	  -22.0	 -255.0
142	  -21.8	 -254.9
143	  -21.6	 -254.0
144	  -21.4	 -253.2
145	  -21.2	 -252.8
146	  -21.0	 -251.4
147	  -20.8	 -250.8
148	  -20.6	 -249.9
149	  -20.4	 -248.9
150	  -20.2	 -248.1
151	  -20.0	 -246.6
152	  -19.8	 -244.8
153	  -19.6	 -244.1
154	  -19.4	 -242.6
155	  -19.2	 -242.1
156	  -19.0	 -241.1
157	  -18.8	 -240.3
158	  -18.6	 -240.0
159	  -18.4	 -238.4
160	  -18.2	 -236.9
161	  -18.0	 -235.8
162	  -17.8	 -234.4
163	  -17.6	 -233.6
164	  -17.4	 -232.3
165	  -17.2	 -231.5
166	  -17.0	 -230.2
167	  -16.8	 -229.8
168	  -16.6	 -227.3
169	  -16.4	 -226.7
170	  -16.2	 -226.0
171	  -16.0	 -224.8
172	  -15.8	 -223.4
173	  -15.6	 -222.1
174	  -15.4	 -221.8
175	  -15.2	 -221.0
176	  -15.0	 -218.8
177	  -14.8	 -218.3
178	  -14.6	 -216.6
179	  -14.4	 -216.1
180	  -14.2	 -214.7
181	  -14.0	 -213.9
182	  -13.8	 -211.4
183	  -13.6	 -210.3
184	  -13.4	 -206.6
185	  -13.2	 -206.2
186	  -13.0	 -204.7
187	  -12.8	 -203.2
188	  -12.6	 -203.3
189	  -12.4	 -201.8
190	  -12.2	 -201.6
191	  -12.0	 -200.6
192	  -11.8	 -198.0
193	  -11.6	 -197.1
194	  -11.4	 -195.5
195	  -11.2	 -195.6
196	  -11.0	 -194.4
197	  -10.8	 -192.4
198	  -10.6	 -191.1
199	  -10.4	 -189.6
200	  -10.2	 -189.1
201	  -10.0	 -188.0
202	   -9.8	 -187.2
203	   -9.6	 -186.4
204	   -9.4	 -184.6
205	   -9.2	 -184.2
206	   -9.0	 -183.2
207	   -8.8	 -182.2
208	   -8.6	 -181.2
209	   -8.4	 -180.4
210	   -8.2	 -180.8
211	   -8.0	 -180.1
212	   -7.8	 -178.8
213	   -7.6	 -177.7
214	   -7.4	 -177.3
215	   -7.2	 -175.9
216	   -7.0	 -175.3
217	   -6.8	 -175.6
218	   -6.6	 -174.8
219	   -6.4	 -173.0
220	   -6.2	 -170.6
221	   -6.0	 -170.4
222	   -5.8	 -168.7
223	   -5.6	 -165.9
224	   -5.4	 -165.9
225	   -5.2	 -164.1
226	   -5.0	 -163.2
227	   -4.8	 -160.7
228	   -4.6	 -154.4
229	   -4.4	 -150.3
230	   -4.2	 -144.0
231	   -4.0	 -142.7
232	   -3.8	 -133.2
233	   -3.6	 -132.7
234	   -3.4	 -131.7
235	   -3.2	 -121.0
236	   -3.0	 -104.4
237	   -2.8	  -93.4
238	   -2.6	  -82.2
239	   -2.4	  -72.0
240	   -2.2	  -46.3
241	   -2.0	  -39.2
242	   -1.8	  -34.8
243	   -1.6	  -29.6
244	   -1.4	  -20.3
245	   -1.2	  -14.3
246	   -1.0	  -10.6
247	   -0.8	   -8.1
248	   -0.6	   -6.5
249	   -0.4	   -5.9
250	   -0.2	   -5.0
251	    0.0	   -4.5
252	    0.2	   -3.9
253	    0.4	   -2.5
254	    0.6	   -1.7
255	    0.8	   -1.1
256	    1.0	   -0.8
257	    1.2	   -0.7
258	    1.4	   -0.4
259	    1.6	   -0.4
260	    1.8	   -0.3
261	    2.0	    0.2
262	    2.2	    0.3
263	    2.4	    0.3
264	    2.6	    8.8
265	    2.8	   19.3
266	    3.0	   26.6
267	    3.2	   29.8
268	    3.4	   38.5
269	    3.6	   48.7
270	    3.8	   58.1
271	    4.0	   66.0
272	    4.2	   76.1
273	    4.4	   84.5
274	    4.6	   95.2
275	    4.8	  100.4
276	    5.0	  103.4
277	    5.2	  109.6
278	    5.4	  114.8
279	    5.6	  117.7
280	    5.8	  120.2
281	    6.0	  121.0
282	    6.2	  124.2
283	    6.4	  124.6
284	    6.6	  125.2
285	    6.8	  126.5
286	    7.0	  127.4
287	    7.2	  127.5
288	    7.4	  128.0
289	    7.6	  129.0
290	    7.8	  129.4
291	    8.0	  129.4
292	    8.2	  130.5
293	    8.4	  132.0
294	    8.6	  132.8
295	    8.8	  132.9
296	    9.0	  132.6
297	    9.2	  134.8
298	    9.4	  134.8
299	    9.6	  134.9
300	    9.8	  136.0
301	   10.0	  136.7
302	   10.2	  138.1
303	   10.4	  137.7
304	   10.6	  137.7
305	   10.8	  138.3
306	   11.0	  139.3
307	   11.2	  140.2
308	   11.4	  142.0
309	   11.6	  142.3
310	   11.8	  143.5
311	   12.0	  143.8
312	   12.2	  144.8
313	   12.4	  144.9
314	   12.6	  146.5
315	   12.8	  148.1
316	   13.0	  149.4
317	   13.2	  150.2
318	   13.4	  152.2
319	   13.6	  152.9
320	   13.8	  153.3
321	   14.0	  153.9
322	   14.2	  155.1
323	   14.4	  155.9
324	   14.6	  157.3
325	   14.8	  158.5
326	   15.0	  159.8
327	   15.2	  161.1
328	   15.4	  161.5
329	   15.6	  161.9
330	   15.8	  163.5
331	   16.0	  163.6
332	   16.2	  165.0
333	   16.4	  166.9
334	   16.6	  167.3
335	   16.8	  168.3
336	   17.0	  170.4
337	   17.2	  170.5
338	   17.4	  172.0
339	   17.6	  172.0
340	   17.8	  172.1
341	   18.0	  172.5
342	   18.2	  172.9
343	   18.4	  173.6
344	   18.6	  174.1
345	   18.8	  174.6
346	   19.0	  175.3
347	   19.2	  176.6
348	   19.4	  177.5
349	   19.6	  178.2
350	   19.8	  179.1
351	   20.0	  179.2
352	   20.2	  180.4
353	   20.4	  180.6
354	   20.6	  180.7
355	   20.8	  181.1
356	   21.0	  181.9
357	   21.2	  181.7
358	   21.4	  182.2
359	   21.6	  182.8
360	   21.8	  182.5
361	   22.0	  182.5
362	   22.2	  183.3
363	   22.4	  183.2
364	   22.6	  184.2
365	   22.8	  185.0
366	   23.0	  184.6
367	   23.2	  185.4
368	   23.4	  185.6
369	   23.6	  185.3
370	   23.8	  185.8
371	   24.0	  186.7
372	   24.2	  186.6
373	   24.4	  187.2
374	   24.6	  188.0
375	   24.8	  188.1
376	   25.0	  188.9
377	   25.2	  189.0
378	   25.4	  189.0
379	   25.6	  189.3
380	   25.8	  190.3
381	   26.0	  190.3
382	   26.2	  190.4
383	   26.4	  190.7
384	   26.6	  190.7
385	   26.8	  191.4
386	   27.0	  192.2
387	   27.2	  192.0
388	   27.4	  192.7
389	   27.6	  193.0
390	   27.8	  193.2
391	   28.0	  194.0
392	   28.2	  194.4
393	   28.4	  194.4
394	   28.6	  194.8
395	   28.8	  195.1
396	   29.0	  195.2
397	   29.2	  196.3
398	   29.4	  196.1
399	   29.6	  196.0
400	   29.8	  196.4
401	   30.0	  196.8
402	   30.2	  197.4
403	   30.4	  197.3
404	   30.6	  197.8
405	   30.8	  197.6
406	   31.0	  199.0
407	   31.2	  199.0
408	   31.4	  199.3
409	   31.6	  199.6
410	   31.8	  199.2
411	   32.0	  199.7
412	   32.2	  200.3
413	   32.4	  200.7
414	   32.6	  200.6
415	   32.8	  201.4
416	   33.0	  201.4
417	   33.2	  201.1
418	   33.4	  202.1
419	   33.6	  202.4
420	   33.8	  202.3
421	   34.0	  202.7
422	   34.2	  203.3
423	   34.4	  203.2
424	   34.6	  203.8
425	   34.8	  204.0
426	   35.0	  204.0
427	   35.2	  204.6
428	   35.4	  205.0
429	   35.6	  205.0
430	   35.8	  205.6
431	   36.0	  206.0
432	   36.2	  206.4
433	   36.4	  206.8
434	   36.6	  207.7
435	   36.8	  207.4
436	   37.0	  208.2
437	   37.2	  208.7
438	   37.4	  209.0
439	   37.6	  208.5
440	   37.8	  209.2
441	   38.0	  209.4
442	   38.2	  209.2
443	   38.4	  210.0
444	   38.6	  210.6
445	   38.8	  210.8
446	   39.0	  211.3
447	   39.2	  211.8
448	   39.4	  211.4
449	   39.6	  212.0
450	   39.8	  212.6
451	   40.0	  212.2
452	   40.2	  213.2
453	   40.4	  213.4
454	   40.6	  213.0
455	   40.8	  213.2
456	   41.0	  214.3
457	   41.2	  214.1
458	   41.4	  214.8
459	   41.6	  215.0
460	   41.8	  214.8
461	   42.0	  215.2
462	   42.2	  215.8
463	   42.4	  215.8
464	   42.6	  215.8
465	   42.8	  216.8
466	   43.0	  216.5
467	   43.2	  217.3
468	   43.4	  217.9
469	   43.6	  217.7
470	   43.8	  217.6
471	   44.0	  218.3
472	   44.2	  218.5
473	   44.4	  218.4
474	   44.6	  219.2
475	   44.8	  219.2
476	   45.0	  219.2
477	   45.2	  219.5
478	   45.4	  219.8
479	   45.6	  219.8
480	   45.8	  220.6
481	   46.0	  220.5
482	   46.2	  220.6
483	   46.4	  221.1
484	   46.6	  221.0
485	   46.8	  221.1
486	   47.0	  221.9
487	   47.2	  222.1
488	   47.4	  221.9
489	   47.6	  222.5
490	   47.8	  222.6
491	   48.0	  222.4
492	   48.2	  223.0
493	   48.4	  223.2
494	   48.6	  223.4
495	   48.8	  223.6
496	   49.0	  223.7
497	   49.2	  223.6
498	   49.4	  223.8
499	   49.6	  224.1
500	   49.8	  223.9
