窗口 1
轨迹 1
通道 1
参数 S11
扫描类型 线性扫描
起始频率 26.5000GHz
终止频率 40.0000GHz
扫描点数 201
数据格式 原始数据 
======================
频率(Hz)　　实部／虚部(U/U)
2.650e+010	  -9.852930e-001    -1.789294e-002 
2.657e+010    -9.852115e-001    -1.778345e-002 
2.664e+010    -9.854792e-001    -1.859155e-002 
2.670e+010    -9.849254e-001    -1.897462e-002 
2.677e+010    -9.852397e-001    -1.904545e-002 
2.684e+010    -9.850340e-001    -2.006427e-002 
2.691e+010    -9.846759e-001    -1.986291e-002 
2.697e+010    -9.850361e-001    -2.058234e-002 
2.704e+010    -9.845148e-001    -2.152684e-002 
2.711e+010    -9.846768e-001    -2.130281e-002 
2.718e+010    -9.848744e-001    -2.256628e-002 
2.724e+010    -9.842644e-001    -2.300275e-002 
2.731e+010    -9.848338e-001    -2.310858e-002 
2.738e+010    -9.847320e-001    -2.463277e-002 
2.745e+010    -9.845372e-001    -2.449753e-002 
2.751e+010    -9.852795e-001    -2.526549e-002 
2.758e+010    -9.849634e-001    -2.638878e-002 
2.765e+010    -9.851913e-001    -2.600496e-002 
2.772e+010    -9.857263e-001    -2.722976e-002 
2.778e+010    -9.853740e-001    -2.770498e-002 
2.785e+010    -9.860622e-001    -2.756350e-002 
2.792e+010    -9.859890e-001    -2.888785e-002 
2.799e+010    -9.857920e-001    -2.869939e-002 
2.805e+010    -9.866526e-001    -2.931579e-002 
2.812e+010    -9.861270e-001    -3.030188e-002 
2.819e+010    -9.864383e-001    -3.025311e-002 
2.826e+010    -9.868612e-001    -3.144615e-002 
2.832e+010    -9.862294e-001    -3.200900e-002 
2.839e+010    -9.869313e-001    -3.247412e-002 
2.846e+010    -9.872027e-001    -3.401721e-002 
2.853e+010    -9.869149e-001    -3.392863e-002 
2.859e+010    -9.881709e-001    -3.523503e-002 
2.866e+010    -9.881364e-001    -3.618148e-002 
2.873e+010    -9.888669e-001    -3.602588e-002 
2.880e+010    -9.894579e-001    -3.777636e-002 
2.886e+010    -9.897715e-001    -3.759219e-002 
2.893e+010    -9.902871e-001    -3.811550e-002 
2.900e+010    -9.906826e-001    -3.940412e-002 
2.907e+010    -9.905608e-001    -3.889901e-002 
2.913e+010    -9.917595e-001    -3.980450e-002 
2.920e+010    -9.912114e-001    -4.127516e-002 
2.927e+010    -9.915272e-001    -4.014289e-002 
2.934e+010    -9.925340e-001    -4.246256e-002 
2.940e+010    -9.915357e-001    -4.256253e-002 
2.947e+010    -9.927708e-001    -4.323822e-002 
2.954e+010    -9.931186e-001    -4.463507e-002 
2.961e+010    -9.932896e-001    -4.518338e-002 
2.967e+010    -9.939414e-001    -4.609625e-002 
2.974e+010    -9.954569e-001    -4.768727e-002 
2.981e+010    -9.951159e-001    -4.738528e-002 
2.988e+010    -9.969329e-001    -4.987957e-002 
2.994e+010    -9.962498e-001    -4.912489e-002 
3.001e+010    -9.985050e-001    -4.968804e-002 
3.008e+010    -9.974200e-001    -5.338167e-002 
3.015e+010    -9.991238e-001    -5.013646e-002 
3.021e+010    -9.991681e-001    -5.349798e-002 
3.028e+010    -1.000222e+000    -5.384959e-002 
3.035e+010    -9.985538e-001    -5.432571e-002 
3.042e+010    -9.999606e-001    -5.474254e-002 
3.048e+010    -9.999035e-001    -5.755118e-002 
3.055e+010    -9.993024e-001    -5.682975e-002 
3.062e+010    -9.996204e-001    -6.047163e-002 
3.069e+010    -9.998965e-001    -5.993287e-002 
3.075e+010    -1.000135e+000    -6.342145e-002 
3.082e+010    -9.985832e-001    -6.441144e-002 
3.089e+010    -1.001520e+000    -6.538740e-002 
3.096e+010    -9.990148e-001    -6.978010e-002 
3.102e+010    -9.998249e-001    -7.035913e-002 
3.109e+010    -1.001252e+000    -7.193208e-002 
3.116e+010    -1.003091e+000    -7.560598e-002 
3.123e+010    -1.001400e+000    -7.628634e-002 
3.129e+010    -1.004516e+000    -7.815170e-002 
3.136e+010    -1.000389e+000    -8.309601e-002 
3.143e+010    -9.998922e-001    -8.453488e-002 
3.150e+010    -1.000140e+000    -8.941601e-002 
3.156e+010    -9.952131e-001    -9.346821e-002 
3.163e+010    -9.960323e-001    -9.987409e-002 
3.170e+010    -9.903664e-001    -1.029634e-001 
3.177e+010    -9.875727e-001    -1.124358e-001 
3.183e+010    -9.822735e-001    -1.193115e-001 
3.190e+010    -9.731090e-001    -1.262615e-001 
3.197e+010    -9.650179e-001    -1.362283e-001 
3.204e+010    -9.530690e-001    -1.475337e-001 
3.210e+010    -9.333803e-001    -1.531907e-001 
3.217e+010    -9.146526e-001    -1.650268e-001 
3.224e+010    -8.812713e-001    -1.681501e-001 
3.231e+010    -8.484543e-001    -1.599417e-001 
3.237e+010    -8.085005e-001    -1.450080e-001 
3.244e+010    -7.787476e-001    -1.022186e-001 
3.251e+010    -7.649580e-001    -5.533223e-002 
3.258e+010    -7.692244e-001    -7.084446e-003 
3.264e+010    -7.967452e-001    3.344011e-002 
3.271e+010    -8.210787e-001    5.396063e-002 
3.278e+010    -8.485724e-001    6.908004e-002 
3.285e+010    -8.772093e-001    7.214435e-002 
3.291e+010    -8.906838e-001    7.278679e-002 
3.298e+010    -9.102890e-001    7.296085e-002 
3.305e+010    -9.238514e-001    6.743151e-002 
3.312e+010    -9.308119e-001    6.557655e-002 
3.318e+010    -9.434905e-001    6.245131e-002 
3.325e+010    -9.478622e-001    5.734878e-002 
3.332e+010    -9.535093e-001    5.590557e-002 
3.339e+010    -9.602540e-001    5.143044e-002 
3.345e+010    -9.617331e-001    4.894631e-002 
3.352e+010    -9.677865e-001    4.638629e-002 
3.359e+010    -9.699228e-001    4.320477e-002 
3.366e+010    -9.724096e-001    4.154265e-002 
3.372e+010    -9.760557e-001    3.930146e-002 
3.379e+010    -9.763711e-001    3.645802e-002 
3.386e+010    -9.794005e-001    3.618771e-002 
3.393e+010    -9.812586e-001    3.266771e-002 
3.399e+010    -9.806886e-001    3.194133e-002 
3.406e+010    -9.850608e-001    3.148358e-002 
3.413e+010    -9.849385e-001    2.809266e-002 
3.420e+010    -9.849459e-001    2.929898e-002 
3.426e+010    -9.887795e-001    2.764739e-002 
3.433e+010    -9.869034e-001    2.479275e-002 
3.440e+010    -9.873850e-001    2.547740e-002 
3.447e+010    -9.906735e-001    2.477876e-002 
3.453e+010    -9.901729e-001    2.213066e-002 
3.460e+010    -9.920832e-001    2.293547e-002 
3.467e+010    -9.922764e-001    2.190789e-002 
3.474e+010    -9.922031e-001    2.204083e-002 
3.480e+010    -9.942697e-001    2.182694e-002 
3.487e+010    -9.932938e-001    2.049107e-002 
3.494e+010    -9.937305e-001    2.063259e-002 
3.501e+010    -9.953570e-001    1.977100e-002 
3.507e+010    -9.939731e-001    1.892451e-002 
3.514e+010    -9.955052e-001    1.915940e-002 
3.521e+010    -9.961540e-001    1.790445e-002 
3.528e+010    -9.955061e-001    1.760087e-002 
3.534e+010    -9.968854e-001    1.740858e-002 
3.541e+010    -9.970428e-001    1.646303e-002 
3.548e+010    -9.969119e-001    1.650126e-002 
3.555e+010    -9.983453e-001    1.599716e-002 
3.561e+010    -9.978669e-001    1.566023e-002 
3.568e+010    -9.983276e-001    1.566748e-002 
3.575e+010    -9.991916e-001    1.521807e-002 
3.582e+010    -9.988225e-001    1.549297e-002 
3.588e+010    -9.995673e-001    1.483599e-002 
3.595e+010    -9.995197e-001    1.486364e-002 
3.602e+010    -9.994419e-001    1.464563e-002 
3.609e+010    -1.000080e+000    1.424385e-002 
3.615e+010    -9.997903e-001    1.406671e-002 
3.622e+010    -1.000248e+000    1.421220e-002 
3.629e+010    -1.000246e+000    1.360407e-002 
3.636e+010    -1.000088e+000    1.385923e-002 
3.642e+010    -1.000952e+000    1.349931e-002 
3.649e+010    -1.000325e+000    1.315211e-002 
3.656e+010    -1.000740e+000    1.339395e-002 
3.663e+010    -1.001152e+000    1.296866e-002 
3.669e+010    -1.000791e+000    1.288545e-002 
3.676e+010    -1.001297e+000    1.335555e-002 
3.683e+010    -1.001511e+000    1.255880e-002 
3.690e+010    -1.001115e+000    1.296600e-002 
3.696e+010    -1.001905e+000    1.303315e-002 
3.703e+010    -1.001749e+000    1.252075e-002 
3.710e+010    -1.001668e+000    1.310506e-002 
3.717e+010    -1.002047e+000    1.310927e-002 
3.723e+010    -1.001908e+000    1.288225e-002 
3.730e+010    -1.001955e+000    1.328197e-002 
3.737e+010    -1.002128e+000    1.313354e-002 
3.744e+010    -1.001871e+000    1.320011e-002 
3.750e+010    -1.002158e+000    1.336653e-002 
3.757e+010    -1.001688e+000    1.325073e-002 
3.764e+010    -1.001676e+000    1.354183e-002 
3.771e+010    -1.001815e+000    1.319787e-002 
3.777e+010    -1.001409e+000    1.328262e-002 
3.784e+010    -1.001559e+000    1.340094e-002 
3.791e+010    -1.001425e+000    1.301940e-002 
3.798e+010    -1.001103e+000    1.306874e-002 
3.804e+010    -1.001275e+000    1.317269e-002 
3.811e+010    -1.000914e+000    1.267602e-002 
3.818e+010    -1.001012e+000    1.291196e-002 
3.825e+010    -1.001159e+000    1.259615e-002 
3.831e+010    -1.000680e+000    1.249519e-002 
3.838e+010    -1.000899e+000    1.263429e-002 
3.845e+010    -1.000767e+000    1.222800e-002 
3.852e+010    -1.000532e+000    1.222588e-002 
3.858e+010    -1.000965e+000    1.220914e-002 
3.865e+010    -1.000689e+000    1.176533e-002 
3.872e+010    -1.000551e+000    1.211848e-002 
3.879e+010    -1.000885e+000    1.181314e-002 
3.885e+010    -1.000715e+000    1.152787e-002 
3.892e+010    -1.000896e+000    1.183287e-002 
3.899e+010    -1.001187e+000    1.140245e-002 
3.906e+010    -1.001011e+000    1.137646e-002 
3.912e+010    -1.001184e+000    1.141030e-002 
3.919e+010    -1.001250e+000    1.107568e-002 
3.926e+010    -1.001308e+000    1.120996e-002 
3.933e+010    -1.001529e+000    1.108664e-002 
3.939e+010    -1.001504e+000    1.092978e-002 
3.946e+010    -1.002003e+000    1.098663e-002 
3.953e+010    -1.002085e+000    1.088189e-002 
3.960e+010    -1.002230e+000    1.087552e-002 
3.966e+010    -1.002687e+000    1.104130e-002 
3.973e+010    -1.002582e+000    1.084109e-002 
3.980e+010    -1.002784e+000    1.117993e-002 
3.987e+010    -1.003063e+000    1.117212e-002 
3.993e+010    -1.002991e+000    1.113332e-002 
4.000e+010    -1.003308e+000    1.173001e-002 
======================
窗口 2
轨迹 1
通道 1
参数 S21
扫描类型 线性扫描
起始频率 26.5000GHz
终止频率 40.0000GHz
扫描点数 201
数据格式 原始数据 
======================
频率(Hz)　　实部／虚部(U/U)
2.650e+010    -8.922404e-003    1.282877e-002 
2.657e+010    -9.138977e-003    1.320434e-002 
2.664e+010    -8.865340e-003    1.347210e-002 
2.670e+010    -8.993774e-003    1.384707e-002 
2.677e+010    -8.851468e-003    1.430513e-002 
2.684e+010    -8.955938e-003    1.466677e-002 
2.691e+010    -8.915718e-003    1.483171e-002 
2.697e+010    -8.734600e-003    1.554291e-002 
2.704e+010    -8.919201e-003    1.596037e-002 
2.711e+010    -8.694877e-003    1.624468e-002 
2.718e+010    -8.412462e-003    1.690097e-002 
2.724e+010    -8.665282e-003    1.755413e-002 
2.731e+010    -8.323776e-003    1.755608e-002 
2.738e+010    -8.036786e-003    1.854693e-002 
2.745e+010    -8.070824e-003    1.884414e-002 
2.751e+010    -7.704918e-003    1.922671e-002 
2.758e+010    -7.423360e-003    1.986892e-002 
2.765e+010    -7.167258e-003    2.027033e-002 
2.772e+010    -7.053918e-003    2.063508e-002 
2.778e+010    -6.544826e-003    2.120949e-002 
2.785e+010    -6.254941e-003    2.141503e-002 
2.792e+010    -6.177460e-003    2.223101e-002 
2.799e+010    -5.964981e-003    2.228307e-002 
2.805e+010    -5.220009e-003    2.290918e-002 
2.812e+010    -5.676383e-003    2.356182e-002 
2.819e+010    -4.988808e-003    2.388938e-002 
2.826e+010    -4.674033e-003    2.442800e-002 
2.832e+010    -4.654538e-003    2.551321e-002 
2.839e+010    -4.305250e-003    2.568757e-002 
2.846e+010    -3.375938e-003    2.647913e-002 
2.853e+010    -3.628933e-003    2.737528e-002 
2.859e+010    -2.399811e-003    2.768739e-002 
2.866e+010    -2.224702e-003    2.838131e-002 
2.873e+010    -1.131817e-003    2.887162e-002 
2.880e+010    -1.067007e-003    2.977065e-002 
2.886e+010    -2.616388e-005    2.951480e-002 
2.893e+010    4.104705e-004    3.083696e-002 
2.900e+010    9.557392e-004    3.087303e-002 
2.907e+010    1.178542e-003    3.147606e-002 
2.913e+010    2.429785e-003    3.152849e-002 
2.920e+010    2.631374e-003    3.333675e-002 
2.927e+010    2.604709e-003    3.223012e-002 
2.934e+010    4.454290e-003    3.413132e-002 
2.940e+010    3.770781e-003    3.439190e-002 
2.947e+010    5.082779e-003    3.530584e-002 
2.954e+010    5.792597e-003    3.554633e-002 
2.961e+010    7.154783e-003    3.693139e-002 
2.967e+010    6.703933e-003    3.695083e-002 
2.974e+010    9.538322e-003    3.794307e-002 
2.981e+010    9.140942e-003    3.818752e-002 
2.988e+010    1.061325e-002    3.946154e-002 
2.994e+010    1.107950e-002    3.930195e-002 
3.001e+010    1.285885e-002    3.977126e-002 
3.008e+010    1.254327e-002    4.233799e-002 
3.015e+010    1.454502e-002    4.042555e-002 
3.021e+010    1.501759e-002    4.240475e-002 
3.028e+010    1.650243e-002    4.344643e-002 
3.035e+010    1.596115e-002    4.375910e-002 
3.042e+010    1.779093e-002    4.424378e-002 
3.048e+010    1.904588e-002    4.749403e-002 
3.055e+010    1.885727e-002    4.641619e-002 
3.062e+010    2.079217e-002    4.935599e-002 
3.069e+010    2.223080e-002    5.034431e-002 
3.075e+010    2.311226e-002    5.198445e-002 
3.082e+010    2.384703e-002    5.334095e-002 
3.089e+010    2.734212e-002    5.483903e-002 
3.096e+010    2.658724e-002    5.739181e-002 
3.102e+010    2.941225e-002    5.915498e-002 
3.109e+010    3.155254e-002    6.012290e-002 
3.116e+010    3.230847e-002    6.353310e-002 
3.123e+010    3.249072e-002    6.527380e-002 
3.129e+010    3.657191e-002    6.629782e-002 
3.136e+010    3.595799e-002    7.168947e-002 
3.143e+010    3.709305e-002    7.427826e-002 
3.150e+010    4.011997e-002    7.798259e-002 
3.156e+010    3.937113e-002    8.394672e-002 
3.163e+010    4.241892e-002    9.086781e-002 
3.170e+010    4.294375e-002    9.479513e-002 
3.177e+010    4.399573e-002    1.062515e-001 
3.183e+010    4.472724e-002    1.147883e-001 
3.190e+010    4.370952e-002    1.257152e-001 
3.197e+010    4.153502e-002    1.407999e-001 
3.204e+010    3.969634e-002    1.583764e-001 
3.210e+010    2.895512e-002    1.732703e-001 
3.217e+010    1.861704e-002    1.986313e-001 
3.224e+010    -5.913423e-003    2.197605e-001 
3.231e+010    -3.666970e-002    2.354181e-001 
3.237e+010    -8.061161e-002    2.445328e-001 
3.244e+010    -1.292229e-001    2.333083e-001 
3.251e+010    -1.713934e-001    2.006972e-001 
3.258e+010    -1.949990e-001    1.584710e-001 
3.264e+010    -2.016524e-001    1.130196e-001 
3.271e+010    -1.952843e-001    7.736286e-002 
3.278e+010    -1.803346e-001    5.078596e-002 
3.285e+010    -1.642082e-001    2.974842e-002 
3.291e+010    -1.514607e-001    1.823586e-002 
3.298e+010    -1.361433e-001    8.880155e-003 
3.305e+010    -1.229150e-001    2.488560e-003 
3.312e+010    -1.151875e-001    -7.311443e-004 
3.318e+010    -1.032538e-001    -5.166885e-003 
3.325e+010    -9.611686e-002    -5.437427e-003 
3.332e+010    -9.035361e-002    -6.445609e-003 
3.339e+010    -8.248830e-002    -7.890337e-003 
3.345e+010    -7.847400e-002    -7.203869e-003 
3.352e+010    -7.327405e-002    -7.048108e-003 
3.359e+010    -6.874318e-002    -8.763938e-003 
3.366e+010    -6.528755e-002    -5.878790e-003 
3.372e+010    -6.162673e-002    -7.745646e-003 
3.379e+010    -5.890575e-002    -5.928263e-003 
3.386e+010    -5.544144e-002    -5.982132e-003 
3.393e+010    -5.226986e-002    -5.946979e-003 
3.399e+010    -5.111032e-002    -4.210156e-003 
3.406e+010    -4.736638e-002    -5.609773e-003 
3.413e+010    -4.614892e-002    -4.888436e-003 
3.420e+010    -4.442836e-002    -4.015421e-003 
3.426e+010    -4.256570e-002    -5.395409e-003 
3.433e+010    -4.013669e-002    -3.797317e-003 
3.440e+010    -4.004706e-002    -3.327998e-003 
3.447e+010    -3.787148e-002    -4.583989e-003 
3.453e+010    -3.712063e-002    -3.833274e-003 
3.460e+010    -3.596866e-002    -3.466942e-003 
3.467e+010    -3.495516e-002    -4.131316e-003 
3.474e+010    -3.504059e-002    -2.902455e-003 
3.480e+010    -3.347500e-002    -3.173395e-003 
3.487e+010    -3.284768e-002    -2.999921e-003 
3.494e+010    -3.246652e-002    -1.614812e-003 
3.501e+010    -3.071045e-002    -2.172490e-003 
3.507e+010    -3.095188e-002    -1.387604e-003 
3.514e+010    -2.966669e-002    -9.120668e-004 
3.521e+010    -2.874443e-002    -1.266769e-003 
3.528e+010    -2.831519e-002    -3.857721e-004 
3.534e+010    -2.762520e-002    -5.673453e-004 
3.541e+010    -2.637424e-002    -4.535592e-004 
3.548e+010    -2.664181e-002    -2.776234e-004 
3.555e+010    -2.547487e-002    -1.399515e-004 
3.561e+010    -2.496107e-002    -2.107170e-004 
3.568e+010    -2.506833e-002    1.044911e-004 
3.575e+010    -2.407522e-002    4.636095e-004 
3.582e+010    -2.387053e-002    -1.138673e-005 
3.588e+010    -2.391231e-002    1.061281e-003 
3.595e+010    -2.267953e-002    6.524184e-004 
3.602e+010    -2.333566e-002    9.664644e-004 
3.609e+010    -2.221056e-002    1.310588e-003 
3.615e+010    -2.192953e-002    1.385443e-003 
3.622e+010    -2.190906e-002    1.297654e-003 
3.629e+010    -2.121355e-002    1.970128e-003 
3.636e+010    -2.095352e-002    1.756592e-003 
3.642e+010    -2.068924e-002    2.150850e-003 
3.649e+010    -2.026830e-002    2.229511e-003 
3.656e+010    -1.984068e-002    2.594045e-003 
3.663e+010    -1.977388e-002    2.110362e-003 
3.669e+010    -1.930015e-002    3.055613e-003 
3.676e+010    -1.923635e-002    2.386352e-003 
3.683e+010    -1.900312e-002    3.069748e-003 
3.690e+010    -1.866839e-002    3.082833e-003 
3.696e+010    -1.868371e-002    2.807389e-003 
3.703e+010    -1.831817e-002    3.436549e-003 
3.710e+010    -1.805650e-002    3.456295e-003 
3.717e+010    -1.853642e-002    3.305443e-003 
3.723e+010    -1.784697e-002    4.123747e-003 
3.730e+010    -1.796754e-002    3.909489e-003 
3.737e+010    -1.787730e-002    4.108749e-003 
3.744e+010    -1.765750e-002    4.562021e-003 
3.750e+010    -1.725398e-002    4.650283e-003 
3.757e+010    -1.758445e-002    4.859444e-003 
3.764e+010    -1.701931e-002    5.454559e-003 
3.771e+010    -1.673790e-002    5.539296e-003 
3.777e+010    -1.654381e-002    5.667503e-003 
3.784e+010    -1.653022e-002    5.913460e-003 
3.791e+010    -1.588782e-002    6.064469e-003 
3.798e+010    -1.600126e-002    6.677779e-003 
3.804e+010    -1.541937e-002    6.305112e-003 
3.811e+010    -1.530932e-002    6.732131e-003 
3.818e+010    -1.509996e-002    6.843104e-003 
3.825e+010    -1.492954e-002    6.930151e-003 
3.831e+010    -1.432609e-002    7.095839e-003 
3.838e+010    -1.439724e-002    7.371908e-003 
3.845e+010    -1.416012e-002    7.310025e-003 
3.852e+010    -1.373300e-002    7.634022e-003 
3.858e+010    -1.360665e-002    7.605801e-003 
3.865e+010    -1.333072e-002    7.824567e-003 
3.872e+010    -1.313406e-002    7.592281e-003 
3.879e+010    -1.311791e-002    7.817760e-003 
3.885e+010    -1.277189e-002    7.922661e-003 
3.892e+010    -1.279326e-002    7.759971e-003 
3.899e+010    -1.229529e-002    8.026744e-003 
3.906e+010    -1.206102e-002    8.017235e-003 
3.912e+010    -1.204364e-002    7.781981e-003 
3.919e+010    -1.162091e-002    7.818185e-003 
3.926e+010    -1.171797e-002    7.872867e-003 
3.933e+010    -1.174405e-002    7.664726e-003 
3.939e+010    -1.147377e-002    7.731778e-003 
3.946e+010    -1.143125e-002    7.844508e-003 
3.953e+010    -1.161205e-002    7.461485e-003 
3.960e+010    -1.131666e-002    7.845427e-003 
3.966e+010    -1.119428e-002    7.628790e-003 
3.973e+010    -1.150455e-002    7.790340e-003 
3.980e+010    -1.127462e-002    7.746854e-003 
3.987e+010    -1.118484e-002    7.763823e-003 
3.993e+010    -1.143874e-002    8.131966e-003 
4.000e+010    -1.130433e-002    7.966677e-003 
======================
窗口 3
轨迹 1
通道 1
参数 S12
扫描类型 线性扫描
起始频率 26.5000GHz
终止频率 40.0000GHz
扫描点数 201
数据格式 原始数据 
======================
频率(Hz)　　实部／虚部(U/U)
2.650e+010    -9.322700e-003    1.287091e-002 
2.657e+010    -9.262506e-003    1.291188e-002 
2.664e+010    -8.994543e-003    1.327457e-002 
2.670e+010    -9.129421e-003    1.370116e-002 
2.677e+010    -9.099962e-003    1.390771e-002 
2.684e+010    -8.902285e-003    1.410736e-002 
2.691e+010    -8.885108e-003    1.459619e-002 
2.697e+010    -9.087089e-003    1.488964e-002 
2.704e+010    -8.879958e-003    1.508035e-002 
2.711e+010    -8.819287e-003    1.568943e-002 
2.718e+010    -8.769566e-003    1.612672e-002 
2.724e+010    -8.722257e-003    1.638585e-002 
2.731e+010    -8.399570e-003    1.671969e-002 
2.738e+010    -8.440259e-003    1.731139e-002 
2.745e+010    -8.625335e-003    1.763786e-002 
2.751e+010    -8.361519e-003    1.792533e-002 
2.758e+010    -8.038879e-003    1.867996e-002 
2.765e+010    -8.366329e-003    1.911273e-002 
2.772e+010    -8.074751e-003    1.945800e-002 
2.778e+010    -7.620227e-003    2.012168e-002 
2.785e+010    -7.646136e-003    2.078202e-002 
2.792e+010    -7.493216e-003    2.110344e-002 
2.799e+010    -6.879655e-003    2.144118e-002 
2.805e+010    -6.758117e-003    2.223415e-002 
2.812e+010    -6.519676e-003    2.241773e-002 
2.819e+010    -6.574024e-003    2.277154e-002 
2.826e+010    -5.722143e-003    2.328849e-002 
2.832e+010    -6.075411e-003    2.422331e-002 
2.839e+010    -5.773911e-003    2.417691e-002 
2.846e+010    -5.182765e-003    2.495478e-002 
2.853e+010    -4.958952e-003    2.553429e-002 
2.859e+010    -4.941113e-003    2.602941e-002 
2.866e+010    -4.631600e-003    2.596307e-002 
2.873e+010    -4.120689e-003    2.710907e-002 
2.880e+010    -4.506072e-003    2.732371e-002 
2.886e+010    -4.072653e-003    2.792677e-002 
2.893e+010    -3.800321e-003    2.831156e-002 
2.900e+010    -3.330630e-003    2.958005e-002 
2.907e+010    -3.602090e-003    2.987775e-002 
2.913e+010    -2.618958e-003    3.067846e-002 
2.920e+010    -2.455400e-003    3.163640e-002 
2.927e+010    -2.182951e-003    3.218812e-002 
2.934e+010    -2.048266e-003    3.294150e-002 
2.940e+010    -8.466605e-004    3.388377e-002 
2.947e+010    -1.123932e-003    3.463885e-002 
2.954e+010    -2.171177e-004    3.529650e-002 
2.961e+010    -6.894206e-004    3.643650e-002 
2.967e+010    -9.473155e-004    3.796158e-002 
2.974e+010    -3.709717e-003    3.843534e-002 
2.981e+010    -4.898039e-003    4.136235e-002 
2.988e+010    -9.950976e-003    4.314841e-002 
2.994e+010    -8.953196e-003    4.378038e-002 
3.001e+010    -1.296281e-002    4.657343e-002 
3.008e+010    -1.182387e-002    5.038529e-002 
3.015e+010    -1.755010e-002    5.164974e-002 
3.021e+010    -1.391991e-002    5.174466e-002 
3.028e+010    -1.320505e-002    5.895752e-002 
3.035e+010    -1.350869e-002    5.595956e-002 
3.042e+010    -1.147320e-002    5.914093e-002 
3.048e+010    -7.009772e-003    5.768570e-002 
3.055e+010    -8.031098e-003    6.257113e-002 
3.062e+010    -7.318187e-003    5.850976e-002 
3.069e+010    -3.255055e-003    6.106350e-002 
3.075e+010    -4.758761e-003    6.165582e-002 
3.082e+010    -4.847185e-003    6.442968e-002 
3.089e+010    -5.172855e-003    6.443422e-002 
3.096e+010    -3.762754e-003    6.872069e-002 
3.102e+010    -5.665864e-003    7.038436e-002 
3.109e+010    -1.140765e-003    7.076191e-002 
3.116e+010    -1.743599e-003    7.576261e-002 
3.123e+010    -1.960884e-003    7.891633e-002 
3.129e+010    -4.505425e-003    8.254233e-002 
3.136e+010    -1.676363e-003    8.805728e-002 
3.143e+010    -5.433459e-003    9.516964e-002 
3.150e+010    -6.068716e-003    9.718111e-002 
3.156e+010    -6.198158e-003    1.051854e-001 
3.163e+010    -9.836581e-003    1.139053e-001 
3.170e+010    -1.452939e-002    1.221629e-001 
3.177e+010    -1.457071e-002    1.264266e-001 
3.183e+010    -1.376395e-002    1.442344e-001 
3.190e+010    -1.930472e-002    1.501372e-001 
3.197e+010    -1.961789e-002    1.605987e-001 
3.204e+010    -1.755512e-002    1.751464e-001 
3.210e+010    -2.312686e-002    1.897804e-001 
3.217e+010    -3.110449e-002    2.026249e-001 
3.224e+010    -4.992567e-002    2.201635e-001 
3.231e+010    -8.586416e-002    2.312292e-001 
3.237e+010    -1.296013e-001    2.318157e-001 
3.244e+010    -1.751051e-001    2.171388e-001 
3.251e+010    -2.147485e-001    1.812443e-001 
3.258e+010    -2.361613e-001    1.344836e-001 
3.264e+010    -2.409241e-001    8.768005e-002 
3.271e+010    -2.297113e-001    4.811037e-002 
3.278e+010    -2.115914e-001    1.798468e-002 
3.285e+010    -1.927568e-001    -2.554143e-003 
3.291e+010    -1.735622e-001    -1.498434e-002 
3.298e+010    -1.571033e-001    -2.296240e-002 
3.305e+010    -1.424527e-001    -2.723921e-002 
3.312e+010    -1.300613e-001    -2.938636e-002 
3.318e+010    -1.178282e-001    -2.938234e-002 
3.325e+010    -1.089334e-001    -3.043603e-002 
3.332e+010    -1.003969e-001    -2.941087e-002 
3.339e+010    -9.232351e-002    -2.927475e-002 
3.345e+010    -8.699198e-002    -2.781106e-002 
3.352e+010    -8.176286e-002    -2.710576e-002 
3.359e+010    -7.626545e-002    -2.581287e-002 
3.366e+010    -7.344763e-002    -2.325885e-002 
3.372e+010    -6.835010e-002    -2.232909e-002 
3.379e+010    -6.515752e-002    -2.115495e-002 
3.386e+010    -6.117051e-002    -1.872594e-002 
3.393e+010    -5.841716e-002    -1.860907e-002 
3.399e+010    -5.533792e-002    -1.721733e-002 
3.406e+010    -5.311161e-002    -1.568123e-002 
3.413e+010    -5.057387e-002    -1.499347e-002 
3.420e+010    -4.845071e-002    -1.387405e-002 
3.426e+010    -4.571441e-002    -1.326381e-002 
3.433e+010    -4.397534e-002    -1.260878e-002 
3.440e+010    -4.240354e-002    -1.210567e-002 
3.447e+010    -4.059062e-002    -1.143497e-002 
3.453e+010    -3.927889e-002    -1.122319e-002 
3.460e+010    -3.830187e-002    -1.031580e-002 
3.467e+010    -3.636230e-002    -1.011273e-002 
3.474e+010    -3.567112e-002    -9.682390e-003 
3.480e+010    -3.435952e-002    -9.106580e-003 
3.487e+010    -3.333923e-002    -9.000075e-003 
3.494e+010    -3.240482e-002    -8.659189e-003 
3.501e+010    -3.136571e-002    -8.061718e-003 
3.507e+010    -3.080263e-002    -8.282996e-003 
3.514e+010    -2.999342e-002    -7.654301e-003 
3.521e+010    -2.917235e-002    -7.613419e-003 
3.528e+010    -2.890673e-002    -7.078515e-003 
3.534e+010    -2.804023e-002    -7.207887e-003 
3.541e+010    -2.761203e-002    -6.492758e-003 
3.548e+010    -2.730316e-002    -6.413910e-003 
3.555e+010    -2.686150e-002    -6.079222e-003 
3.561e+010    -2.612576e-002    -5.551517e-003 
3.568e+010    -2.605134e-002    -5.379671e-003 
3.575e+010    -2.566100e-002    -4.913543e-003 
3.582e+010    -2.482578e-002    -4.712394e-003 
3.588e+010    -2.498022e-002    -4.241998e-003 
3.595e+010    -2.419887e-002    -3.932594e-003 
3.602e+010    -2.388686e-002    -4.086543e-003 
3.609e+010    -2.362854e-002    -3.397356e-003 
3.615e+010    -2.290001e-002    -3.300592e-003 
3.622e+010    -2.277482e-002    -2.980722e-003 
3.629e+010    -2.223921e-002    -2.668090e-003 
3.636e+010    -2.191788e-002    -2.381700e-003 
3.642e+010    -2.178477e-002    -2.045064e-003 
3.649e+010    -2.134066e-002    -1.703249e-003 
3.656e+010    -2.110894e-002    -1.456843e-003 
3.663e+010    -2.070846e-002    -1.090277e-003 
3.669e+010    -2.051469e-002    -1.032046e-003 
3.676e+010    -2.013709e-002    -7.088562e-004 
3.683e+010    -2.017084e-002    -9.018436e-004 
3.690e+010    -1.984206e-002    -4.035114e-004 
3.696e+010    -1.956486e-002    -1.908923e-004 
3.703e+010    -1.952280e-002    1.622956e-004 
3.710e+010    -1.925280e-002    3.719657e-004 
3.717e+010    -1.893066e-002    1.419888e-004 
3.723e+010    -1.921289e-002    5.436086e-004 
3.730e+010    -1.857565e-002    3.823915e-004 
3.737e+010    -1.888161e-002    7.933798e-004 
3.744e+010    -1.868172e-002    1.088602e-003 
3.750e+010    -1.856648e-002    1.215619e-003 
3.757e+010    -1.868328e-002    1.421043e-003 
3.764e+010    -1.837110e-002    2.070802e-003 
3.771e+010    -1.850976e-002    1.916368e-003 
3.777e+010    -1.793164e-002    2.848953e-003 
3.784e+010    -1.813066e-002    2.987214e-003 
3.791e+010    -1.763991e-002    3.231562e-003 
3.798e+010    -1.758858e-002    3.480885e-003 
3.804e+010    -1.701335e-002    3.837841e-003 
3.811e+010    -1.695670e-002    4.239005e-003 
3.818e+010    -1.644444e-002    4.322965e-003 
3.825e+010    -1.592472e-002    4.640354e-003 
3.831e+010    -1.586486e-002    4.578182e-003 
3.838e+010    -1.530245e-002    4.924602e-003 
3.845e+010    -1.496901e-002    4.758958e-003 
3.852e+010    -1.473869e-002    5.286031e-003 
3.858e+010    -1.449012e-002    4.866279e-003 
3.865e+010    -1.434706e-002    4.919870e-003 
3.872e+010    -1.403976e-002    5.043450e-003 
3.879e+010    -1.396199e-002    5.034468e-003 
3.885e+010    -1.388652e-002    5.261682e-003 
3.892e+010    -1.341486e-002    5.184214e-003 
3.899e+010    -1.354886e-002    5.342584e-003 
3.906e+010    -1.314767e-002    5.278254e-003 
3.912e+010    -1.284704e-002    5.237574e-003 
3.919e+010    -1.292919e-002    5.534525e-003 
3.926e+010    -1.276835e-002    5.262797e-003 
3.933e+010    -1.282475e-002    5.311381e-003 
3.939e+010    -1.250034e-002    5.644812e-003 
3.946e+010    -1.286402e-002    5.594386e-003 
3.953e+010    -1.243509e-002    5.610719e-003 
3.960e+010    -1.241069e-002    5.892243e-003 
3.966e+010    -1.245683e-002    6.025859e-003 
3.973e+010    -1.216025e-002    6.035460e-003 
3.980e+010    -1.208739e-002    6.007971e-003 
3.987e+010    -1.181655e-002    6.706492e-003 
3.993e+010    -1.216162e-002    6.137902e-003 
4.000e+010    -1.153258e-002    6.808481e-003 
======================
窗口 4
轨迹 1
通道 1
参数 S22
扫描类型 线性扫描
起始频率 26.5000GHz
终止频率 40.0000GHz
扫描点数 201
数据格式 原始数据 
======================
频率(Hz)　　实部／虚部(U/U)
2.650e+010    -9.848547e-001    -1.566572e-002 
2.657e+010    -9.847755e-001    -1.610871e-002 
2.664e+010    -9.847255e-001    -1.624762e-002 
2.670e+010    -9.846137e-001    -1.659231e-002 
2.677e+010    -9.845137e-001    -1.690538e-002 
2.684e+010    -9.844276e-001    -1.715523e-002 
2.691e+010    -9.842761e-001    -1.735363e-002 
2.697e+010    -9.841396e-001    -1.778387e-002 
2.704e+010    -9.839522e-001    -1.820313e-002 
2.711e+010    -9.839091e-001    -1.855366e-002 
2.718e+010    -9.838252e-001    -1.914068e-002 
2.724e+010    -9.838003e-001    -1.957231e-002 
2.731e+010    -9.838118e-001    -1.982974e-002 
2.738e+010    -9.837280e-001    -2.031753e-002 
2.745e+010    -9.835398e-001    -2.075271e-002 
2.751e+010    -9.835359e-001    -2.121585e-002 
2.758e+010    -9.835148e-001    -2.167836e-002 
2.765e+010    -9.832973e-001    -2.217992e-002 
2.772e+010    -9.832948e-001    -2.275269e-002 
2.778e+010    -9.833772e-001    -2.326398e-002 
2.785e+010    -9.835197e-001    -2.381089e-002 
2.792e+010    -9.835863e-001    -2.440546e-002 
2.799e+010    -9.834670e-001    -2.476365e-002 
2.805e+010    -9.837760e-001    -2.506100e-002 
2.812e+010    -9.836827e-001    -2.547739e-002 
2.819e+010    -9.834339e-001    -2.594838e-002 
2.826e+010    -9.834942e-001    -2.624862e-002 
2.832e+010    -9.835511e-001    -2.698877e-002 
2.839e+010    -9.831469e-001    -2.738075e-002 
2.846e+010    -9.831727e-001    -2.784760e-002 
2.853e+010    -9.833753e-001    -2.849045e-002 
2.859e+010    -9.832987e-001    -2.897411e-002 
2.866e+010    -9.829240e-001    -2.943318e-002 
2.873e+010    -9.832388e-001    -2.990656e-002 
2.880e+010    -9.828257e-001    -3.062997e-002 
2.886e+010    -9.826655e-001    -3.091657e-002 
2.893e+010    -9.824609e-001    -3.153277e-002 
2.900e+010    -9.826277e-001    -3.206568e-002 
2.907e+010    -9.821685e-001    -3.310616e-002 
2.913e+010    -9.821150e-001    -3.364867e-002 
2.920e+010    -9.824678e-001    -3.441625e-002 
2.927e+010    -9.822022e-001    -3.491644e-002 
2.934e+010    -9.818611e-001    -3.602682e-002 
2.940e+010    -9.817155e-001    -3.621631e-002 
2.947e+010    -9.824885e-001    -3.752190e-002 
2.954e+010    -9.818710e-001    -3.783004e-002 
2.961e+010    -9.825414e-001    -3.876204e-002 
2.967e+010    -9.829981e-001    -3.916346e-002 
2.974e+010    -9.831612e-001    -4.052345e-002 
2.981e+010    -9.814765e-001    -4.107187e-002 
2.988e+010    -9.829903e-001    -4.029960e-002 
2.994e+010    -9.812484e-001    -4.302858e-002 
3.001e+010    -9.808311e-001    -4.314525e-002 
3.008e+010    -9.790885e-001    -4.505495e-002 
3.015e+010    -9.798657e-001    -4.512592e-002 
3.021e+010    -9.795192e-001    -4.916888e-002 
3.028e+010    -9.769916e-001    -4.957671e-002 
3.035e+010    -9.795530e-001    -5.168583e-002 
3.042e+010    -9.776526e-001    -5.220060e-002 
3.048e+010    -9.778394e-001    -5.490329e-002 
3.055e+010    -9.759371e-001    -5.400523e-002 
3.062e+010    -9.775105e-001    -5.553098e-002 
3.069e+010    -9.751552e-001    -5.756725e-002 
3.075e+010    -9.752135e-001    -5.820632e-002 
3.082e+010    -9.740174e-001    -6.016023e-002 
3.089e+010    -9.740463e-001    -6.303838e-002 
3.096e+010    -9.716554e-001    -6.486969e-002 
3.102e+010    -9.715160e-001    -6.545979e-002 
3.109e+010    -9.696867e-001    -6.997905e-002 
3.116e+010    -9.737534e-001    -7.347512e-002 
3.123e+010    -9.726943e-001    -7.706093e-002 
3.129e+010    -9.717675e-001    -7.992295e-002 
3.136e+010    -9.696689e-001    -8.634295e-002 
3.143e+010    -9.674043e-001    -8.785488e-002 
3.150e+010    -9.667169e-001    -9.263561e-002 
3.156e+010    -9.628884e-001    -9.845366e-002 
3.163e+010    -9.587432e-001    -1.018079e-001 
3.170e+010    -9.532716e-001    -1.060162e-001 
3.177e+010    -9.493400e-001    -1.138771e-001 
3.183e+010    -9.371904e-001    -1.192768e-001 
3.190e+010    -9.293279e-001    -1.240602e-001 
3.197e+010    -9.158190e-001    -1.313845e-001 
3.204e+010    -8.977309e-001    -1.374543e-001 
3.210e+010    -8.768301e-001    -1.419930e-001 
3.217e+010    -8.517295e-001    -1.419337e-001 
3.224e+010    -8.194845e-001    -1.391491e-001 
3.231e+010    -7.854720e-001    -1.248567e-001 
3.237e+010    -7.500109e-001    -9.496647e-002 
3.244e+010    -7.262983e-001    -5.250973e-002 
3.251e+010    -7.168790e-001    1.319226e-003 
3.258e+010    -7.331710e-001    5.588327e-002 
3.264e+010    -7.645272e-001    9.440875e-002 
3.271e+010    -7.997500e-001    1.170640e-001 
3.278e+010    -8.359693e-001    1.310289e-001 
3.285e+010    -8.675202e-001    1.306730e-001 
3.291e+010    -8.901922e-001    1.286028e-001 
3.298e+010    -9.107906e-001    1.241771e-001 
3.305e+010    -9.257479e-001    1.160429e-001 
3.312e+010    -9.377725e-001    1.085518e-001 
3.318e+010    -9.462465e-001    1.018897e-001 
3.325e+010    -9.565052e-001    9.448404e-002 
3.332e+010    -9.619270e-001    8.948306e-002 
3.339e+010    -9.675081e-001    8.264219e-002 
3.345e+010    -9.718087e-001    7.893790e-002 
3.352e+010    -9.761203e-001    7.463544e-002 
3.359e+010    -9.777922e-001    6.953806e-002 
3.366e+010    -9.802463e-001    6.769442e-002 
3.372e+010    -9.820346e-001    6.256027e-002 
3.379e+010    -9.848385e-001    5.914299e-002 
3.386e+010    -9.846891e-001    5.608234e-002 
3.393e+010    -9.875650e-001    5.336714e-002 
3.399e+010    -9.879567e-001    5.053041e-002 
3.406e+010    -9.884691e-001    4.832717e-002 
3.413e+010    -9.897748e-001    4.632793e-002 
3.420e+010    -9.909373e-001    4.391946e-002 
3.426e+010    -9.915540e-001    4.137799e-002 
3.433e+010    -9.922205e-001    4.022475e-002 
3.440e+010    -9.934187e-001    3.820829e-002 
3.447e+010    -9.938318e-001    3.651138e-002 
3.453e+010    -9.947400e-001    3.537877e-002 
3.460e+010    -9.957124e-001    3.430055e-002 
3.467e+010    -9.959528e-001    3.261871e-002 
3.474e+010    -9.967806e-001    3.196776e-002 
3.480e+010    -9.971740e-001    3.071905e-002 
3.487e+010    -9.974190e-001    2.971150e-002 
3.494e+010    -9.980359e-001    2.900094e-002 
3.501e+010    -9.984663e-001    2.813677e-002 
3.507e+010    -9.988323e-001    2.726383e-002 
3.514e+010    -9.993429e-001    2.704618e-002 
3.521e+010    -9.998661e-001    2.605968e-002 
3.528e+010    -1.000057e+000    2.576800e-002 
3.534e+010    -1.000505e+000    2.498032e-002 
3.541e+010    -1.000660e+000    2.484069e-002 
3.548e+010    -1.000811e+000    2.436869e-002 
3.555e+010    -1.001321e+000    2.409399e-002 
3.561e+010    -1.001028e+000    2.366718e-002 
3.568e+010    -1.001286e+000    2.349975e-002 
3.575e+010    -1.001633e+000    2.332705e-002 
3.582e+010    -1.001319e+000    2.263721e-002 
3.588e+010    -1.001831e+000    2.295505e-002 
3.595e+010    -1.001765e+000    2.260673e-002 
3.602e+010    -1.002012e+000    2.210557e-002 
3.609e+010    -1.002008e+000    2.248784e-002 
3.615e+010    -1.001946e+000    2.179574e-002 
3.622e+010    -1.001876e+000    2.168046e-002 
3.629e+010    -1.001714e+000    2.165157e-002 
3.636e+010    -1.001695e+000    2.134651e-002 
3.642e+010    -1.001430e+000    2.124806e-002 
3.649e+010    -1.001253e+000    2.112028e-002 
3.656e+010    -1.001111e+000    2.079291e-002 
3.663e+010    -1.000763e+000    2.055456e-002 
3.669e+010    -1.000711e+000    2.034962e-002 
3.676e+010    -1.000580e+000    2.016288e-002 
3.683e+010    -1.000774e+000    2.008877e-002 
3.690e+010    -1.000592e+000    2.006850e-002 
3.696e+010    -1.000312e+000    1.973398e-002 
3.703e+010    -9.999304e-001    1.971842e-002 
3.710e+010    -9.998088e-001    1.948538e-002 
3.717e+010    -9.997584e-001    1.911027e-002 
3.723e+010    -9.998457e-001    1.923108e-002 
3.730e+010    -9.997674e-001    1.883475e-002 
3.737e+010    -9.994745e-001    1.875480e-002 
3.744e+010    -9.990478e-001    1.865076e-002 
3.750e+010    -9.987755e-001    1.843685e-002 
3.757e+010    -9.985754e-001    1.822544e-002 
3.764e+010    -9.983653e-001    1.813854e-002 
3.771e+010    -9.983677e-001    1.775221e-002 
3.777e+010    -9.977450e-001    1.754367e-002 
3.784e+010    -9.976342e-001    1.737507e-002 
3.791e+010    -9.974242e-001    1.710742e-002 
3.798e+010    -9.973669e-001    1.685355e-002 
3.804e+010    -9.970891e-001    1.648184e-002 
3.811e+010    -9.969852e-001    1.615879e-002 
3.818e+010    -9.968533e-001    1.566191e-002 
3.825e+010    -9.967826e-001    1.539398e-002 
3.831e+010    -9.968562e-001    1.501543e-002 
3.838e+010    -9.966123e-001    1.461356e-002 
3.845e+010    -9.965078e-001    1.410129e-002 
3.852e+010    -9.965257e-001    1.397320e-002 
3.858e+010    -9.967020e-001    1.353213e-002 
3.865e+010    -9.967991e-001    1.325515e-002 
3.872e+010    -9.968264e-001    1.303768e-002 
3.879e+010    -9.967619e-001    1.269625e-002 
3.885e+010    -9.967959e-001    1.262102e-002 
3.892e+010    -9.968434e-001    1.231763e-002 
3.899e+010    -9.970382e-001    1.205321e-002 
3.906e+010    -9.971698e-001    1.168583e-002 
3.912e+010    -9.973048e-001    1.133550e-002 
3.919e+010    -9.974353e-001    1.126790e-002 
3.926e+010    -9.976080e-001    1.104493e-002 
3.933e+010    -9.977472e-001    1.093054e-002 
3.939e+010    -9.976928e-001    1.088061e-002 
3.946e+010    -9.979895e-001    1.074210e-002 
3.953e+010    -9.979357e-001    1.060726e-002 
3.960e+010    -9.980445e-001    1.054824e-002 
3.966e+010    -9.981711e-001    1.042376e-002 
3.973e+010    -9.982564e-001    1.022898e-002 
3.980e+010    -9.983362e-001    1.016687e-002 
3.987e+010    -9.983998e-001    1.019032e-002 
3.993e+010    -9.986439e-001    1.000478e-002 
4.000e+010    -9.985776e-001    1.003777e-002 
======================
