1	1132
2	1132
3	2456
4	1776
5	1560
6	2975
7	3144
8	3494
9	3888
10	4427
11	4822
12	4738
13	4638
14	4322
15	4044
16	3765
17	3511
18	3430
19	3414
20	3432
21	3517
22	3481
23	3646
24	3565
25	3609
26	3678
27	3623
28	3563
29	3635
30	3686
31	3852
32	3904
33	3903
34	3795
35	3954
36	3920
37	3883
38	3794
39	3732
40	3703
41	3469
42	3364
43	3201
44	3166
45	3123
46	2942
47	2856
48	2760
49	2653
50	2623
51	2566
52	2440
53	2366
54	2397
55	2269
56	2271
57	2209
58	2113
59	2208
60	2181
61	2070
62	1983
63	2013
64	2004
65	2025
66	2022
67	1902
68	1881
69	1868
70	1887
71	1893
72	1956
73	1847
74	1882
75	1888
76	1847
77	1858
78	1853
79	1808
80	1739
81	1741
82	1792
83	1725
84	1782
85	1609
86	1641
87	1573
88	1560
89	1453
90	1371
91	1374
92	1244
93	1141
94	988
95	994
96	919
97	816
98	855
99	706
100	670
101	671
102	595
103	551
104	505
105	535
106	496
107	481
108	455
109	430
110	453
111	451
112	476
113	515
114	547
115	580
116	579
117	781
118	845
119	935
120	1113
121	1253
122	1488
123	1590
124	1768
125	2045
126	2151
127	2265
128	2417
129	2506
130	2358
131	2398
132	2390
133	2254
134	2012
135	1913
136	1728
137	1399
138	1286
139	1026
140	882
141	703
142	605
143	444
144	362
145	250
146	227
147	166
148	125
149	80
150	66
151	67
152	29
153	34
154	17
155	22
156	15
157	15
158	13
159	20
160	11
161	18
162	15
163	7
164	11
165	13
166	15
167	11
168	9
169	12
170	12
171	13
172	14
173	13
174	12
175	10
176	15
177	6
178	8
179	12
180	6
181	11
182	11
183	7
184	7
185	11
186	12
187	8
188	13
189	6
190	1
191	17
192	12
193	16
194	11
195	8
196	10
197	7
198	7
199	17
200	12
201	4
202	11
203	13
204	9
205	10
206	8
207	10
208	7
209	4
210	8
211	10
212	9
213	7
214	5
215	4
216	10
217	9
218	3
219	10
220	12
221	9
222	7
223	11
224	10
225	2
226	8
227	7
228	11
229	8
230	3
231	9
232	11
233	4
234	12
235	12
236	3
237	7
238	7
239	4
240	5
241	5
242	3
243	3
244	4
245	5
246	11
247	4
248	8
249	6
250	2
251	5
252	1
253	7
254	4
255	6
256	4
257	4
258	3
259	2
260	3
261	2
262	5
263	2
264	5
265	3
266	4
267	7
268	3
269	4
270	7
271	3
272	1
273	3
274	7
275	4
276	4
277	6
278	6
279	4
280	5
281	3
282	3
283	6
284	2
285	3
286	4
287	5
288	4
289	2
290	2
291	4
292	4
293	3
294	4
295	3
296	3
297	0
298	4
299	1
300	1
301	3
302	2
303	2
304	2
305	4
306	1
307	2
308	2
309	3
310	3
311	3
312	2
313	4
314	2
315	0
316	2
317	2
318	3
319	1
320	2
321	2
322	1
323	2
324	1
325	3
326	2
327	2
328	2
329	3
330	1
331	1
332	4
333	2
334	0
335	2
336	1
337	2
338	2
339	1
340	0
341	2
342	1
343	1
344	1
345	2
346	1
347	1
348	1
349	1
350	1
351	1
352	1
353	2
354	0
355	1
356	2
357	2
358	0
359	1
360	0
361	2
362	1
363	1
364	2
365	0
366	0
367	2
368	0
369	1
370	1
371	1
372	1
373	2
374	0
375	2
376	0
377	4
378	0
379	1
380	1
381	1
382	0
383	0
384	0
385	0
386	2
387	0
388	1
389	0
390	2
391	0
392	1
393	0
394	1
395	0
396	0
397	3
398	0
399	0
400	0
401	0
402	0
403	0
404	2
405	2
406	0
407	0
408	1
409	1
410	0
411	1
412	1
413	0
414	2
415	1
416	1
417	1
418	0
419	0
420	2
421	0
422	0
423	2
424	0
425	1
426	0
427	1
428	0
429	0
430	1
431	0
432	2
433	2
434	0
435	2
436	2
437	1
438	0
439	1
440	0
441	0
442	0
443	0
444	0
445	0
446	0
447	0
448	0
449	1
450	2
451	0
452	1
453	1
454	0
455	1
456	1
457	1
458	0
459	0
460	0
461	0
462	0
463	1
464	0
465	1
466	0
467	0
468	1
469	0
470	0
471	0
472	0
473	0
474	0
475	0
476	1
477	0
478	0
479	0
480	0
481	0
482	1
483	0
484	1
485	0
486	0
487	0
488	0
489	0
490	0
491	0
492	1
493	0
494	0
495	0
496	0
497	0
498	0
499	0
500	3
501	1
502	0
503	0
504	0
505	0
506	0
507	0
508	0
509	1
510	0
511	0
512	0
513	1
514	0
515	0
516	0
517	0
518	0
519	0
520	0
521	0
522	0
523	0
524	0
525	0
526	0
527	0
528	1
529	0
530	0
531	1
532	0
533	0
534	0
535	0
536	0
537	0
538	0
539	0
540	0
541	0
542	0
543	0
544	0
545	0
546	0
547	0
548	0
549	1
550	0
551	0
552	0
553	0
554	0
555	0
556	0
557	0
558	0
559	0
560	0
561	0
562	0
563	0
564	0
565	0
566	0
567	0
568	0
569	0
570	0
571	0
572	0
573	0
574	0
575	0
576	0
577	0
578	0
579	0
580	0
581	0
582	0
583	0
584	0
585	0
586	0
587	1
588	0
589	0
590	0
591	0
592	0
593	0
594	1
595	0
596	0
597	0
598	0
599	0
600	0
601	0
602	0
603	0
604	0
605	0
606	0
607	0
608	0
609	0
610	0
611	0
612	0
613	0
614	0
615	0
616	0
617	0
618	0
619	0
620	0
621	0
622	0
623	0
624	0
625	0
626	0
627	0
628	0
629	0
630	0
631	0
632	0
633	0
634	0
635	0
636	0
637	0
638	0
639	1
640	0
641	0
642	0
643	0
644	0
645	0
646	0
647	0
648	0
649	0
650	0
651	0
652	0
653	0
654	0
655	0
656	0
657	0
658	0
659	0
660	0
661	0
662	0
663	0
664	0
665	0
666	0
667	0
668	0
669	0
670	0
671	1
672	0
673	0
674	0
675	0
676	1
677	0
678	0
679	0
680	0
681	0
682	0
683	0
684	0
685	0
686	0
687	0
688	0
689	0
690	0
691	0
692	0
693	0
694	0
695	0
696	0
697	0
698	1
699	0
700	1
701	0
702	0
703	0
704	0
705	0
706	0
707	0
708	0
709	0
710	0
711	0
712	0
713	0
714	0
715	0
716	0
717	0
718	0
719	0
720	0
721	0
722	0
723	1
724	0
725	0
726	0
727	0
728	0
729	0
730	0
731	0
732	0
733	0
734	0
735	0
736	0
737	0
738	0
739	0
740	0
741	0
742	0
743	0
744	0
745	0
746	0
747	0
748	0
749	0
750	0
751	0
752	0
753	0
754	0
755	0
756	0
757	1
758	0
759	0
760	0
761	0
762	0
763	0
764	0
765	0
766	0
767	0
768	0
769	0
770	0
771	0
772	0
773	0
774	0
775	0
776	1
777	0
778	0
779	0
780	0
781	0
782	0
783	0
784	0
785	0
786	0
787	0
788	0
789	0
790	0
791	0
792	0
793	0
794	0
795	0
796	0
797	0
798	0
799	0
800	0
801	0
802	0
803	0
804	0
805	0
806	0
807	0
808	0
809	0
810	0
811	0
812	0
813	0
814	0
815	0
816	0
817	0
818	0
819	0
820	0
821	0
822	0
823	0
824	0
825	0
826	0
827	0
828	0
829	0
830	1
831	0
832	0
833	0
834	0
835	0
836	0
837	0
838	0
839	0
840	0
841	0
842	0
843	0
844	0
845	0
846	0
847	0
848	0
849	0
850	0
851	0
852	0
853	0
854	0
855	0
856	0
857	0
858	0
859	0
860	0
861	0
862	0
863	0
864	0
865	0
866	0
867	0
868	0
869	0
870	0
871	0
872	0
873	0
874	0
875	0
876	0
877	0
878	0
879	0
880	0
881	0
882	0
883	0
884	0
885	0
886	0
887	0
888	0
889	0
890	0
891	0
892	0
893	0
894	0
895	0
896	0
897	0
898	0
899	0
900	0
901	0
902	0
903	0
904	0
905	0
906	0
907	0
908	0
909	0
910	0
911	0
912	0
913	0
914	0
915	0
916	0
917	0
918	0
919	0
920	0
921	0
922	0
923	0
924	0
925	0
926	0
927	0
928	0
929	0
930	0
931	0
932	0
933	0
934	0
935	0
936	0
937	0
938	0
939	0
940	0
941	0
942	0
943	0
944	0
945	0
946	0
947	0
948	0
949	0
950	0
951	0
952	0
953	0
954	0
955	0
956	0
957	0
958	0
959	0
960	0
961	1
962	0
963	0
964	0
965	0
966	0
967	0
968	0
969	0
970	0
971	0
972	0
973	0
974	0
975	0
976	0
977	0
978	0
979	0
980	0
981	0
982	0
983	0
984	0
985	0
986	0
987	0
988	0
989	0
990	0
991	0
992	0
993	0
994	0
995	0
996	0
997	0
998	0
999	0
1000	0
1001	0
1002	0
1003	0
1004	0
1005	0
1006	0
1007	0
1008	0
1009	0
1010	0
1011	0
1012	0
1013	0
1014	0
1015	0
1016	0
1017	0
1018	0
1019	0
1020	0
1021	0
1022	0
1023	0
1024	2
