1	789
2	789
3	1675
4	1229
5	1048
6	2000
7	2071
8	2351
9	2627
10	2960
11	3253
12	3156
13	3106
14	2883
15	2683
16	2487
17	2363
18	2281
19	2309
20	2316
21	2347
22	2306
23	2390
24	2396
25	2409
26	2436
27	2472
28	2402
29	2404
30	2448
31	2558
32	2604
33	2608
34	2546
35	2662
36	2579
37	2651
38	2505
39	2455
40	2473
41	2312
42	2274
43	2100
44	2122
45	2089
46	1988
47	1889
48	1839
49	1800
50	1739
51	1728
52	1684
53	1558
54	1584
55	1524
56	1497
57	1434
58	1399
59	1488
60	1478
61	1356
62	1319
63	1316
64	1349
65	1362
66	1374
67	1256
68	1253
69	1247
70	1287
71	1246
72	1289
73	1227
74	1234
75	1253
76	1248
77	1227
78	1232
79	1209
80	1151
81	1173
82	1169
83	1187
84	1217
85	1081
86	1099
87	1046
88	1047
89	971
90	949
91	913
92	824
93	761
94	666
95	682
96	608
97	583
98	558
99	474
100	447
101	454
102	391
103	381
104	356
105	365
106	332
107	341
108	313
109	287
110	299
111	301
112	315
113	340
114	359
115	380
116	376
117	500
118	556
119	603
120	767
121	803
122	952
123	1056
124	1127
125	1311
126	1395
127	1466
128	1584
129	1670
130	1572
131	1609
132	1615
133	1514
134	1375
135	1305
136	1164
137	934
138	883
139	701
140	617
141	509
142	391
143	316
144	243
145	170
146	159
147	119
148	82
149	55
150	49
151	50
152	14
153	24
154	9
155	16
156	9
157	6
158	9
159	17
160	6
161	13
162	11
163	6
164	8
165	11
166	9
167	7
168	4
169	9
170	5
171	11
172	12
173	8
174	7
175	9
176	11
177	1
178	5
179	8
180	4
181	8
182	8
183	5
184	5
185	6
186	12
187	5
188	9
189	4
190	1
191	13
192	4
193	10
194	6
195	6
196	6
197	7
198	5
199	13
200	7
201	2
202	8
203	8
204	6
205	7
206	7
207	7
208	5
209	4
210	4
211	5
212	7
213	4
214	5
215	2
216	5
217	7
218	3
219	9
220	8
221	6
222	4
223	11
224	8
225	2
226	6
227	4
228	9
229	5
230	1
231	8
232	9
233	2
234	6
235	8
236	2
237	4
238	5
239	3
240	3
241	2
242	2
243	1
244	2
245	3
246	7
247	2
248	8
249	3
250	1
251	4
252	1
253	6
254	4
255	2
256	3
257	3
258	3
259	1
260	2
261	1
262	4
263	2
264	4
265	3
266	4
267	4
268	3
269	3
270	6
271	2
272	1
273	2
274	6
275	2
276	2
277	3
278	6
279	2
280	1
281	1
282	3
283	3
284	1
285	3
286	3
287	4
288	3
289	2
290	2
291	4
292	3
293	1
294	2
295	2
296	2
297	0
298	4
299	0
300	1
301	2
302	1
303	2
304	2
305	1
306	1
307	0
308	1
309	3
310	2
311	2
312	1
313	4
314	2
315	0
316	1
317	2
318	1
319	1
320	0
321	2
322	1
323	1
324	1
325	3
326	0
327	1
328	1
329	3
330	1
331	0
332	3
333	1
334	0
335	1
336	1
337	0
338	2
339	1
340	0
341	0
342	1
343	0
344	1
345	2
346	1
347	1
348	1
349	1
350	1
351	1
352	0
353	0
354	0
355	0
356	1
357	2
358	0
359	1
360	0
361	2
362	1
363	1
364	2
365	0
366	0
367	2
368	0
369	1
370	1
371	0
372	1
373	1
374	0
375	2
376	0
377	2
378	0
379	1
380	0
381	1
382	0
383	0
384	0
385	0
386	2
387	0
388	1
389	0
390	1
391	0
392	0
393	0
394	1
395	0
396	0
397	2
398	0
399	0
400	0
401	0
402	0
403	0
404	1
405	1
406	0
407	0
408	1
409	1
410	0
411	0
412	0
413	0
414	2
415	1
416	1
417	0
418	0
419	0
420	2
421	0
422	0
423	0
424	0
425	1
426	0
427	1
428	0
429	0
430	1
431	0
432	1
433	1
434	0
435	2
436	1
437	1
438	0
439	1
440	0
441	0
442	0
443	0
444	0
445	0
446	0
447	0
448	0
449	1
450	2
451	0
452	0
453	1
454	0
455	1
456	1
457	0
458	0
459	0
460	0
461	0
462	0
463	0
464	0
465	0
466	0
467	0
468	1
469	0
470	0
471	0
472	0
473	0
474	0
475	0
476	1
477	0
478	0
479	0
480	0
481	0
482	1
483	0
484	1
485	0
486	0
487	0
488	0
489	0
490	0
491	0
492	1
493	0
494	0
495	0
496	0
497	0
498	0
499	0
500	2
501	1
502	0
503	0
504	0
505	0
506	0
507	0
508	0
509	1
510	0
511	0
512	0
513	1
514	0
515	0
516	0
517	0
518	0
519	0
520	0
521	0
522	0
523	0
524	0
525	0
526	0
527	0
528	1
529	0
530	0
531	0
532	0
533	0
534	0
535	0
536	0
537	0
538	0
539	0
540	0
541	0
542	0
543	0
544	0
545	0
546	0
547	0
548	0
549	1
550	0
551	0
552	0
553	0
554	0
555	0
556	0
557	0
558	0
559	0
560	0
561	0
562	0
563	0
564	0
565	0
566	0
567	0
568	0
569	0
570	0
571	0
572	0
573	0
574	0
575	0
576	0
577	0
578	0
579	0
580	0
581	0
582	0
583	0
584	0
585	0
586	0
587	0
588	0
589	0
590	0
591	0
592	0
593	0
594	0
595	0
596	0
597	0
598	0
599	0
600	0
601	0
602	0
603	0
604	0
605	0
606	0
607	0
608	0
609	0
610	0
611	0
612	0
613	0
614	0
615	0
616	0
617	0
618	0
619	0
620	0
621	0
622	0
623	0
624	0
625	0
626	0
627	0
628	0
629	0
630	0
631	0
632	0
633	0
634	0
635	0
636	0
637	0
638	0
639	1
640	0
641	0
642	0
643	0
644	0
645	0
646	0
647	0
648	0
649	0
650	0
651	0
652	0
653	0
654	0
655	0
656	0
657	0
658	0
659	0
660	0
661	0
662	0
663	0
664	0
665	0
666	0
667	0
668	0
669	0
670	0
671	1
672	0
673	0
674	0
675	0
676	0
677	0
678	0
679	0
680	0
681	0
682	0
683	0
684	0
685	0
686	0
687	0
688	0
689	0
690	0
691	0
692	0
693	0
694	0
695	0
696	0
697	0
698	1
699	0
700	0
701	0
702	0
703	0
704	0
705	0
706	0
707	0
708	0
709	0
710	0
711	0
712	0
713	0
714	0
715	0
716	0
717	0
718	0
719	0
720	0
721	0
722	0
723	1
724	0
725	0
726	0
727	0
728	0
729	0
730	0
731	0
732	0
733	0
734	0
735	0
736	0
737	0
738	0
739	0
740	0
741	0
742	0
743	0
744	0
745	0
746	0
747	0
748	0
749	0
750	0
751	0
752	0
753	0
754	0
755	0
756	0
757	1
758	0
759	0
760	0
761	0
762	0
763	0
764	0
765	0
766	0
767	0
768	0
769	0
770	0
771	0
772	0
773	0
774	0
775	0
776	1
777	0
778	0
779	0
780	0
781	0
782	0
783	0
784	0
785	0
786	0
787	0
788	0
789	0
790	0
791	0
792	0
793	0
794	0
795	0
796	0
797	0
798	0
799	0
800	0
801	0
802	0
803	0
804	0
805	0
806	0
807	0
808	0
809	0
810	0
811	0
812	0
813	0
814	0
815	0
816	0
817	0
818	0
819	0
820	0
821	0
822	0
823	0
824	0
825	0
826	0
827	0
828	0
829	0
830	0
831	0
832	0
833	0
834	0
835	0
836	0
837	0
838	0
839	0
840	0
841	0
842	0
843	0
844	0
845	0
846	0
847	0
848	0
849	0
850	0
851	0
852	0
853	0
854	0
855	0
856	0
857	0
858	0
859	0
860	0
861	0
862	0
863	0
864	0
865	0
866	0
867	0
868	0
869	0
870	0
871	0
872	0
873	0
874	0
875	0
876	0
877	0
878	0
879	0
880	0
881	0
882	0
883	0
884	0
885	0
886	0
887	0
888	0
889	0
890	0
891	0
892	0
893	0
894	0
895	0
896	0
897	0
898	0
899	0
900	0
901	0
902	0
903	0
904	0
905	0
906	0
907	0
908	0
909	0
910	0
911	0
912	0
913	0
914	0
915	0
916	0
917	0
918	0
919	0
920	0
921	0
922	0
923	0
924	0
925	0
926	0
927	0
928	0
929	0
930	0
931	0
932	0
933	0
934	0
935	0
936	0
937	0
938	0
939	0
940	0
941	0
942	0
943	0
944	0
945	0
946	0
947	0
948	0
949	0
950	0
951	0
952	0
953	0
954	0
955	0
956	0
957	0
958	0
959	0
960	0
961	1
962	0
963	0
964	0
965	0
966	0
967	0
968	0
969	0
970	0
971	0
972	0
973	0
974	0
975	0
976	0
977	0
978	0
979	0
980	0
981	0
982	0
983	0
984	0
985	0
986	0
987	0
988	0
989	0
990	0
991	0
992	0
993	0
994	0
995	0
996	0
997	0
998	0
999	0
1000	0
1001	0
1002	0
1003	0
1004	0
1005	0
1006	0
1007	0
1008	0
1009	0
1010	0
1011	0
1012	0
1013	0
1014	0
1015	0
1016	0
1017	0
1018	0
1019	0
1020	0
1021	0
1022	0
1023	0
1024	1
